0 0.037500000000000006 0.4921875 0.0234375 0.021484375
0 0.146484375 0.4873046875 0.025781250000000002 0.01953125
0 0.2921875 0.48046875 0.025 0.021484375
0 0.33984375 0.4794921875 0.028125 0.029296875
0 0.38359375 0.49072265625 0.029687500000000002 0.0224609375
0 0.5613281250000001 0.4775390625 0.047656250000000004 0.03125
0 0.4578125 0.47314453125 0.025 0.0244140625
0 0.6585937500000001 0.4638671875 0.029687500000000002 0.029296875
0 0.72265625 0.4609375 0.028125 0.02734375
0 0.1078125 0.4912109375 0.0234375 0.01953125
