0 0.177734375 0.51171875 0.017968750000000002 0.021484375
0 0.601171875 0.5009765625 0.04609375 0.033203125
0 0.321875 0.5029296875 0.029687500000000002 0.0234375
0 0.36835937500000004 0.50244140625 0.030468750000000003 0.0302734375
0 0.40390625 0.517578125 0.0234375 0.01953125
0 0.4890625 0.4951171875 0.026562500000000003 0.02734375
0 0.556640625 0.49658203125 0.025781250000000002 0.0263671875
0 0.072265625 0.51123046875 0.02421875 0.0263671875
0 0.69296875 0.49169921875 0.028125 0.0224609375
0 0.75546875 0.48974609375 0.0234375 0.0283203125
0 0.1390625 0.5107421875 0.0234375 0.01953125
