0 0.5867187500000001 0.4892578125 0.045312500000000006 0.03125
0 0.40390625 0.49951171875 0.029687500000000002 0.0244140625
0 0.171875 0.4921875 0.026562500000000003 0.0234375
0 0.36250000000000004 0.4853515625 0.0328125 0.025390625
0 0.31640625 0.48681640625 0.0234375 0.0244140625
0 0.6828125 0.4765625 0.025 0.0234375
0 0.7468750000000001 0.47509765625 0.026562500000000003 0.0224609375
0 0.548828125 0.48046875 0.022656250000000003 0.0234375
0 0.13125 0.49609375 0.021875000000000002 0.017578125
0 0.062109375 0.4990234375 0.02109375 0.01953125
0 0.482421875 0.4833984375 0.02109375 0.021484375
