0 0.52890625 0.52294921875 0.028125 0.0478515625
0 0.7507812500000001 0.53466796875 0.07187500000000001 0.0439453125
0 0.30195312500000004 0.53271484375 0.032031250000000004 0.0166015625
0 0.33671875 0.521484375 0.028125 0.013671875
0 0.8230468750000001 0.52880859375 0.01171875 0.0068359375
0 0.7113281250000001 0.529296875 0.00703125 0.005859375
0 0.8609375 0.52783203125 0.0078125 0.0068359375
0 0.88828125 0.52734375 0.0234375 0.0078125
0 0.950390625 0.52734375 0.013281250000000001 0.005859375
0 0.986328125 0.52685546875 0.02109375 0.0068359375
0 0.5625 0.525390625 0.0125 0.005859375
0 0.7312500000000001 0.52880859375 0.010937500000000001 0.0068359375
0 0.76875 0.529296875 0.0125 0.005859375
