0 0.34414062500000003 0.52978515625 0.032031250000000004 0.0166015625
0 0.681640625 0.54052734375 0.07265625 0.0322265625
0 0.562890625 0.52197265625 0.02734375 0.0498046875
0 0.33359375 0.5185546875 0.026562500000000003 0.01171875
0 0.727734375 0.529296875 0.01171875 0.0078125
0 0.7566406250000001 0.5302734375 0.01015625 0.005859375
0 0.7835937500000001 0.5263671875 0.0203125 0.0078125
0 0.8207031250000001 0.53076171875 0.01171875 0.0068359375
0 0.857421875 0.5302734375 0.00703125 0.0078125
0 0.8855468750000001 0.529296875 0.02421875 0.0078125
0 0.94453125 0.52978515625 0.010937500000000001 0.0068359375
0 0.9828125000000001 0.52978515625 0.021875000000000002 0.0068359375
