0 0.633984375 0.52880859375 0.02734375 0.0478515625
0 0.54609375 0.5439453125 0.07187500000000001 0.03125
0 0.429296875 0.53515625 0.032031250000000004 0.015625
0 0.32851562500000003 0.52294921875 0.02890625 0.0126953125
0 0.70234375 0.53515625 0.0078125 0.005859375
0 0.721875 0.53466796875 0.0125 0.0068359375
0 0.7359375 0.53515625 0.009375000000000001 0.005859375
0 0.8167968750000001 0.537109375 0.01171875 0.005859375
0 0.8523437500000001 0.5361328125 0.00625 0.0078125
0 0.88203125 0.53515625 0.025 0.0078125
0 0.9242187500000001 0.53662109375 0.0140625 0.0068359375
0 0.94140625 0.5361328125 0.009375000000000001 0.005859375
0 0.980078125 0.5361328125 0.02109375 0.0078125
0 0.556640625 0.529296875 0.013281250000000001 0.005859375
