0 0.486328125 0.5068359375 0.02734375 0.05078125
0 0.267578125 0.5390625 0.07109375 0.033203125
0 0.283984375 0.52880859375 0.04296875 0.0185546875
0 0.504296875 0.51171875 0.00859375 0.005859375
0 0.524609375 0.50927734375 0.01640625 0.0068359375
0 0.6195312500000001 0.5048828125 0.0125 0.005859375
0 0.6550781250000001 0.5 0.00703125 0.0078125
0 0.68515625 0.49755859375 0.025 0.0087890625
0 0.71484375 0.4951171875 0.0125 0.0078125
0 0.7445312500000001 0.49365234375 0.009375000000000001 0.0068359375
0 0.78046875 0.49169921875 0.0140625 0.0087890625
0 0.8328125000000001 0.4873046875 0.010937500000000001 0.005859375
0 0.132421875 0.52978515625 0.030468750000000003 0.0146484375
0 0.358984375 0.517578125 0.013281250000000001 0.0078125
0 0.7898437500000001 0.4912109375 0.0125 0.005859375
