0 0.48359375000000004 0.55078125 0.065625 0.041015625
0 0.5632812500000001 0.5556640625 0.0390625 0.048828125
0 0.8835937500000001 0.5029296875 0.040625 0.021484375
0 0.042578125 0.591796875 0.017968750000000002 0.009765625
0 0.213671875 0.57373046875 0.017968750000000002 0.0087890625
0 0.33320312500000004 0.560546875 0.01953125 0.0078125
0 0.38320312500000003 0.5546875 0.02109375 0.0078125
0 0.581640625 0.53271484375 0.014843750000000001 0.0068359375
0 0.6218750000000001 0.52099609375 0.026562500000000003 0.0107421875
0 0.844921875 0.49609375 0.01640625 0.0078125
