0 0.05390625 0.53515625 0.018750000000000003 0.0078125
0 0.22890625 0.53955078125 0.018750000000000003 0.0087890625
0 0.350390625 0.54296875 0.01953125 0.0078125
0 0.40468750000000003 0.54296875 0.0203125 0.0078125
0 0.433203125 0.552734375 0.055468750000000004 0.03515625
0 0.53515625 0.568359375 0.0390625 0.044921875
0 0.6097656250000001 0.5498046875 0.014843750000000001 0.005859375
0 0.646484375 0.5546875 0.041406250000000006 0.021484375
0 0.9710937500000001 0.55322265625 0.0140625 0.0068359375
0 0.9859375 0.55419921875 0.00625 0.0068359375
0 0.59140625 0.541015625 0.028125 0.01171875
0 0.689453125 0.548828125 0.00703125 0.00390625
0 0.8152343750000001 0.5478515625 0.014843750000000001 0.005859375
