0 0.06875 0.5107421875 0.0171875 0.0078125
0 0.24570312500000002 0.51904296875 0.01953125 0.0087890625
0 0.36640625000000004 0.5244140625 0.018750000000000003 0.009765625
0 0.42890625000000004 0.53515625 0.051562500000000004 0.037109375
0 0.535546875 0.55322265625 0.039843750000000004 0.0458984375
0 0.577734375 0.54150390625 0.041406250000000006 0.0185546875
0 0.6292968750000001 0.53662109375 0.013281250000000001 0.0068359375
0 0.969921875 0.54931640625 0.014843750000000001 0.0068359375
0 0.984375 0.55029296875 0.00625 0.0068359375
0 0.5921875 0.52734375 0.028125 0.013671875
0 0.81640625 0.53955078125 0.015625 0.0068359375
