0 0.01640625 0.50341796875 0.0140625 0.0087890625
0 0.082421875 0.5078125 0.01953125 0.0078125
0 0.260546875 0.51904296875 0.01953125 0.0087890625
0 0.38007812500000004 0.5263671875 0.01953125 0.0078125
0 0.42890625000000004 0.537109375 0.05 0.037109375
0 0.541015625 0.556640625 0.041406250000000006 0.046875
0 0.5359375000000001 0.5419921875 0.0421875 0.01953125
0 0.64453125 0.54248046875 0.0140625 0.0068359375
0 0.9730468750000001 0.55810546875 0.013281250000000001 0.0068359375
0 0.9875 0.560546875 0.004687500000000001 0.005859375
0 0.595703125 0.5322265625 0.02890625 0.013671875
0 0.819921875 0.546875 0.013281250000000001 0.005859375
