0 0.065234375 0.427734375 0.017968750000000002 0.0078125
0 0.244140625 0.43359375 0.01953125 0.0078125
0 0.362890625 0.43896484375 0.01953125 0.0068359375
0 0.393359375 0.44921875 0.04609375 0.03515625
0 0.41914062500000004 0.44140625 0.01953125 0.0078125
0 0.43476562500000004 0.44970703125 0.041406250000000006 0.0205078125
0 0.509765625 0.46728515625 0.04296875 0.0458984375
0 0.630859375 0.45263671875 0.013281250000000001 0.0068359375
0 0.9390625 0.46875 0.0140625 0.005859375
0 0.955078125 0.46923828125 0.0054687500000000005 0.0068359375
0 0.9710937500000001 0.47021484375 0.00625 0.0048828125
0 0.5625 0.44140625 0.029687500000000002 0.013671875
0 0.7878906250000001 0.4560546875 0.014843750000000001 0.0078125
