0 0.05625 0.4501953125 0.018750000000000003 0.0078125
0 0.23750000000000002 0.4541015625 0.018750000000000003 0.0078125
0 0.37226562500000004 0.46533203125 0.04296875 0.0361328125
0 0.41171875 0.4580078125 0.0203125 0.0078125
0 0.355078125 0.45703125 0.01953125 0.009765625
0 0.49257812500000003 0.48046875 0.04296875 0.044921875
0 0.625 0.4658203125 0.0140625 0.005859375
0 0.9207031250000001 0.47509765625 0.013281250000000001 0.0068359375
0 0.9359375000000001 0.4755859375 0.00625 0.005859375
0 0.952734375 0.47607421875 0.00703125 0.0068359375
0 0.544921875 0.45556640625 0.02890625 0.0126953125
0 0.770703125 0.46533203125 0.013281250000000001 0.0068359375
