0 0.06328125 0.46044921875 0.018750000000000003 0.0068359375
0 0.24375000000000002 0.46435546875 0.018750000000000003 0.0087890625
0 0.37421875000000004 0.4765625 0.0390625 0.037109375
0 0.41835937500000003 0.47021484375 0.01953125 0.0087890625
0 0.34375 0.4755859375 0.026562500000000003 0.017578125
0 0.494140625 0.49462890625 0.04453125 0.0458984375
0 0.632421875 0.47900390625 0.014843750000000001 0.0068359375
0 0.921484375 0.48876953125 0.013281250000000001 0.0068359375
0 0.937109375 0.4892578125 0.0054687500000000005 0.005859375
0 0.9535156250000001 0.4892578125 0.00703125 0.005859375
0 0.544921875 0.46826171875 0.030468750000000003 0.0126953125
0 0.77109375 0.4794921875 0.0140625 0.005859375
