0 0.09453125000000001 0.6123046875 0.028125 0.009765625
0 0.178515625 0.62158203125 0.01015625 0.0068359375
0 0.2765625 0.6171875 0.015625 0.0078125
0 0.376953125 0.625 0.030468750000000003 0.037109375
0 0.385546875 0.61962890625 0.01953125 0.0087890625
0 0.47578125000000004 0.6201171875 0.018750000000000003 0.0078125
0 0.68359375 0.62255859375 0.0125 0.0068359375
0 0.7230468750000001 0.6220703125 0.01015625 0.005859375
0 0.73828125 0.64111328125 0.034375 0.0458984375
0 0.798828125 0.630859375 0.06015625 0.029296875
0 0.80078125 0.62158203125 0.009375000000000001 0.0068359375
0 0.896484375 0.62060546875 0.02109375 0.0087890625
0 0.96875 0.61865234375 0.015625 0.0068359375
0 0.929296875 0.61865234375 0.01640625 0.0068359375
0 0.312109375 0.61181640625 0.02890625 0.0126953125
0 0.537109375 0.6171875 0.014843750000000001 0.005859375
0 0.6273437500000001 0.62060546875 0.0078125 0.0048828125
