0 0.15156250000000002 0.62353515625 0.021875000000000002 0.0087890625
0 0.19453125000000002 0.63232421875 0.010937500000000001 0.0068359375
0 0.326171875 0.63427734375 0.01640625 0.0068359375
0 0.394140625 0.64501953125 0.032031250000000004 0.0341796875
0 0.437109375 0.6396484375 0.01640625 0.0078125
0 0.529296875 0.64404296875 0.017968750000000002 0.0087890625
0 0.76171875 0.67333984375 0.0328125 0.0478515625
0 0.728125 0.6533203125 0.010937500000000001 0.005859375
0 0.7453125 0.65380859375 0.009375000000000001 0.0068359375
0 0.8382812500000001 0.65625 0.009375000000000001 0.005859375
0 0.9222656250000001 0.658203125 0.02421875 0.0078125
0 0.960546875 0.6689453125 0.06015625 0.02734375
0 0.953125 0.65625 0.0140625 0.0078125
0 0.33632812500000003 0.62890625 0.032031250000000004 0.013671875
0 0.5613281250000001 0.64306640625 0.013281250000000001 0.0068359375
0 0.673046875 0.64990234375 0.00859375 0.0048828125
0 0.99140625 0.65771484375 0.0125 0.0068359375
