0 0.07265625 0.68359375 0.018750000000000003 0.009765625
0 0.070703125 0.68994140625 0.01015625 0.0068359375
0 0.240625 0.68505859375 0.015625 0.0068359375
0 0.27265625 0.69140625 0.0328125 0.037109375
0 0.35195312500000003 0.68408203125 0.01640625 0.0068359375
0 0.446875 0.68212890625 0.0171875 0.0087890625
0 0.630078125 0.6787109375 0.014843750000000001 0.005859375
0 0.64765625 0.6962890625 0.029687500000000002 0.046875
0 0.737890625 0.67431640625 0.00859375 0.0048828125
0 0.801953125 0.6728515625 0.013281250000000001 0.005859375
0 0.8390625 0.66845703125 0.015625 0.0068359375
0 0.8792968750000001 0.6669921875 0.017968750000000002 0.005859375
0 0.94140625 0.666015625 0.010937500000000001 0.009765625
0 0.9886718750000001 0.67578125 0.01953125 0.01953125
0 0.21992187500000002 0.6787109375 0.025781250000000002 0.01171875
0 0.815625 0.6708984375 0.0140625 0.005859375
0 0.970703125 0.66162109375 0.01171875 0.0068359375
0 0.985546875 0.66064453125 0.01640625 0.0068359375
