0 0.08281250000000001 0.70947265625 0.010937500000000001 0.0048828125
0 0.1046875 0.703125 0.0203125 0.009765625
0 0.268359375 0.70458984375 0.01640625 0.0068359375
0 0.28515625 0.71240234375 0.03125 0.0361328125
0 0.380859375 0.70556640625 0.014843750000000001 0.0068359375
0 0.4765625 0.7041015625 0.0171875 0.0078125
0 0.644140625 0.70166015625 0.01015625 0.0068359375
0 0.66328125 0.720703125 0.028125 0.048828125
0 0.7585937500000001 0.697265625 0.009375000000000001 0.005859375
0 0.818359375 0.6953125 0.013281250000000001 0.005859375
0 0.85546875 0.69140625 0.0140625 0.0078125
0 0.890234375 0.6904296875 0.00703125 0.005859375
0 0.9574218750000001 0.6884765625 0.01015625 0.009765625
0 0.986328125 0.68359375 0.01015625 0.005859375
0 0.23789062500000002 0.69873046875 0.02890625 0.0126953125
0 0.6527343750000001 0.70166015625 0.01015625 0.0048828125
0 0.612890625 0.701171875 0.0054687500000000005 0.00390625
0 0.69140625 0.69580078125 0.015625 0.0068359375
0 0.833203125 0.693359375 0.014843750000000001 0.005859375
0 0.8984375 0.689453125 0.010937500000000001 0.005859375
0 0.4625 0.70166015625 0.0140625 0.0068359375
