0 0.034765625 0.60302734375 0.01015625 0.0068359375
0 0.08164062500000001 0.5966796875 0.02421875 0.0078125
0 0.23671875 0.60205078125 0.03125 0.0322265625
0 0.240234375 0.59326171875 0.01640625 0.0068359375
0 0.35234375 0.58984375 0.015625 0.0078125
0 0.44921875 0.587890625 0.0171875 0.0078125
0 0.6156250000000001 0.60302734375 0.026562500000000003 0.0478515625
0 0.7175781250000001 0.5791015625 0.00703125 0.005859375
0 0.598046875 0.583984375 0.01171875 0.005859375
0 0.7742187500000001 0.5771484375 0.0171875 0.0078125
0 0.8093750000000001 0.57373046875 0.015625 0.0068359375
0 0.8445312500000001 0.5732421875 0.0078125 0.005859375
0 0.91015625 0.572265625 0.0125 0.009765625
0 0.940625 0.568359375 0.010937500000000001 0.005859375
0 0.955078125 0.56787109375 0.014843750000000001 0.0068359375
0 0.416796875 0.58544921875 0.013281250000000001 0.0068359375
0 0.19140625 0.587890625 0.03125 0.01171875
0 0.6097656250000001 0.583984375 0.00703125 0.005859375
0 0.6453125000000001 0.57861328125 0.0171875 0.0068359375
0 0.58046875 0.58349609375 0.0078125 0.0048828125
0 0.78828125 0.57568359375 0.015625 0.0068359375
0 0.853125 0.57275390625 0.010937500000000001 0.0068359375
