0 0.18359375 0.560546875 0.025 0.04296875
0 0.76875 0.62451171875 0.0484375 0.0302734375
0 0.7078125000000001 0.5712890625 0.009375000000000001 0.005859375
0 0.66171875 0.568359375 0.0140625 0.00390625
0 0.09765625 0.5322265625 0.0125 0.0078125
0 0.13789062500000002 0.5361328125 0.01015625 0.00390625
0 0.154296875 0.5380859375 0.01640625 0.0078125
0 0.22734375 0.5419921875 0.0140625 0.005859375
0 0.28046875 0.54541015625 0.0078125 0.0048828125
0 0.29140625000000003 0.546875 0.009375000000000001 0.005859375
0 0.31757812500000004 0.54736328125 0.00703125 0.0048828125
0 0.32539062500000004 0.5478515625 0.00859375 0.005859375
0 0.33437500000000003 0.5498046875 0.0078125 0.005859375
0 0.170703125 0.5361328125 0.00859375 0.015625
0 0.183984375 0.5390625 0.02109375 0.005859375
