0 0.8460937500000001 0.61279296875 0.043750000000000004 0.0263671875
0 0.18359375 0.552734375 0.026562500000000003 0.04296875
0 0.7074218750000001 0.5625 0.01015625 0.005859375
0 0.661328125 0.5595703125 0.013281250000000001 0.005859375
0 0.33359375 0.541015625 0.0078125 0.005859375
0 0.32539062500000004 0.5400390625 0.00859375 0.005859375
0 0.31679687500000003 0.53955078125 0.00703125 0.0068359375
0 0.290234375 0.5380859375 0.00859375 0.005859375
0 0.279296875 0.53759765625 0.00859375 0.0048828125
0 0.2265625 0.53369140625 0.015625 0.0048828125
0 0.10039062500000001 0.52392578125 0.01171875 0.0087890625
0 0.137109375 0.52783203125 0.01015625 0.0068359375
0 0.153125 0.529296875 0.0171875 0.0078125
0 0.16640625 0.52685546875 0.009375000000000001 0.0166015625
0 0.1765625 0.53076171875 0.0125 0.0068359375
0 0.18671875000000002 0.53076171875 0.0140625 0.0068359375
