0 0.22265625 0.595703125 0.0234375 0.009765625
0 0.2546875 0.61376953125 0.040625 0.0126953125
0 0.30898437500000003 0.599609375 0.041406250000000006 0.01171875
0 0.341796875 0.60791015625 0.03515625 0.0146484375
0 0.36328125 0.60498046875 0.035937500000000004 0.0107421875
0 0.49140625000000004 0.60986328125 0.035937500000000004 0.0185546875
0 0.555859375 0.60986328125 0.03828125 0.0126953125
0 0.5921875 0.611328125 0.035937500000000004 0.013671875
0 0.650390625 0.6142578125 0.025781250000000002 0.009765625
0 0.7453125 0.61865234375 0.043750000000000004 0.0146484375
0 0.8484375000000001 0.62353515625 0.018750000000000003 0.0087890625
0 0.858984375 0.63037109375 0.025781250000000002 0.0107421875
0 0.46484375 0.6083984375 0.0203125 0.009765625
0 0.6140625000000001 0.61474609375 0.0390625 0.0107421875
