0 0.19843750000000002 0.55126953125 0.025 0.0107421875
0 0.23164062500000002 0.5673828125 0.039843750000000004 0.01171875
0 0.2828125 0.5517578125 0.040625 0.01171875
0 0.314453125 0.56005859375 0.03671875 0.0107421875
0 0.33906250000000004 0.5537109375 0.035937500000000004 0.009765625
0 0.47304687500000003 0.5537109375 0.04453125 0.017578125
0 0.5296875 0.55126953125 0.037500000000000006 0.0107421875
0 0.56875 0.55224609375 0.035937500000000004 0.0146484375
0 0.62421875 0.55224609375 0.025 0.0087890625
0 0.7171875000000001 0.55224609375 0.03125 0.0107421875
0 0.7484375000000001 0.55419921875 0.046875 0.0126953125
0 0.826171875 0.55517578125 0.01953125 0.0068359375
0 0.82578125 0.56201171875 0.025 0.0087890625
0 0.443359375 0.5537109375 0.01953125 0.009765625
