0 0.22773437500000002 0.556640625 0.02421875 0.01171875
0 0.260546875 0.57421875 0.039843750000000004 0.013671875
0 0.3125 0.56005859375 0.0390625 0.0107421875
0 0.34296875000000004 0.5712890625 0.035937500000000004 0.013671875
0 0.36875 0.56787109375 0.035937500000000004 0.0107421875
0 0.499609375 0.57470703125 0.04453125 0.0205078125
0 0.55859375 0.57373046875 0.037500000000000006 0.0126953125
0 0.597265625 0.576171875 0.030468750000000003 0.015625
0 0.651953125 0.5810546875 0.02421875 0.009765625
0 0.7453125 0.58447265625 0.03125 0.0107421875
0 0.775390625 0.587890625 0.03671875 0.01171875
0 0.853515625 0.5927734375 0.017968750000000002 0.0078125
0 0.8519531250000001 0.60107421875 0.02734375 0.0107421875
0 0.471484375 0.5712890625 0.01953125 0.009765625
