0 0.11015625000000001 0.52587890625 0.025 0.0126953125
0 0.144140625 0.5478515625 0.041406250000000006 0.015625
0 0.19492187500000002 0.537109375 0.039843750000000004 0.015625
0 0.224609375 0.5498046875 0.03515625 0.013671875
0 0.2515625 0.54541015625 0.035937500000000004 0.0126953125
0 0.3796875 0.56298828125 0.046875 0.0205078125
0 0.43984375000000003 0.5654296875 0.037500000000000006 0.01171875
0 0.478515625 0.57080078125 0.03515625 0.0166015625
0 0.53359375 0.578125 0.025 0.009765625
0 0.626953125 0.58984375 0.032031250000000004 0.009765625
0 0.6515625 0.59423828125 0.045312500000000006 0.0146484375
0 0.7347656250000001 0.60498046875 0.01953125 0.0087890625
0 0.731640625 0.6123046875 0.02734375 0.009765625
0 0.35273437500000004 0.55810546875 0.01953125 0.0107421875
