0 0.1296875 0.47509765625 0.025 0.0126953125
0 0.164453125 0.49365234375 0.039843750000000004 0.0126953125
0 0.215234375 0.48193359375 0.039843750000000004 0.0087890625
0 0.244921875 0.49462890625 0.03515625 0.0107421875
0 0.27187500000000003 0.4912109375 0.034375 0.01171875
0 0.401953125 0.50341796875 0.04609375 0.0205078125
0 0.46015625000000004 0.5048828125 0.037500000000000006 0.01171875
0 0.49921875000000004 0.5087890625 0.034375 0.015625
0 0.5546875 0.51611328125 0.0234375 0.0107421875
0 0.6472656250000001 0.525390625 0.030468750000000003 0.013671875
0 0.6765625000000001 0.5283203125 0.035937500000000004 0.015625
0 0.75546875 0.53857421875 0.018750000000000003 0.0087890625
0 0.7515625 0.54541015625 0.026562500000000003 0.0126953125
0 0.373828125 0.49853515625 0.01953125 0.0107421875
