0 0.135546875 0.52294921875 0.02421875 0.0087890625
0 0.168359375 0.54296875 0.039843750000000004 0.017578125
0 0.22109375 0.53125 0.0390625 0.01171875
0 0.25039062500000003 0.541015625 0.03515625 0.013671875
0 0.276953125 0.5390625 0.03515625 0.01171875
0 0.4078125 0.55078125 0.043750000000000004 0.01953125
0 0.46601562500000004 0.5517578125 0.03828125 0.013671875
0 0.505078125 0.5556640625 0.03359375 0.015625
0 0.56015625 0.5625 0.025 0.0078125
0 0.6531250000000001 0.56982421875 0.03125 0.0126953125
0 0.6828125 0.57373046875 0.034375 0.0146484375
0 0.761328125 0.5830078125 0.017968750000000002 0.0078125
0 0.75703125 0.5888671875 0.028125 0.01171875
0 0.37812500000000004 0.54638671875 0.018750000000000003 0.0107421875
