0 0.14375000000000002 0.5341796875 0.0234375 0.009765625
0 0.17695312500000002 0.55419921875 0.039843750000000004 0.0146484375
0 0.22890625 0.541015625 0.0390625 0.01171875
0 0.25820312500000003 0.5517578125 0.03515625 0.013671875
0 0.287109375 0.548828125 0.032031250000000004 0.01171875
0 0.416015625 0.560546875 0.04453125 0.021484375
0 0.47500000000000003 0.5615234375 0.035937500000000004 0.013671875
0 0.51328125 0.564453125 0.0328125 0.015625
0 0.56875 0.5703125 0.0234375 0.009765625
0 0.6609375000000001 0.57861328125 0.03125 0.0126953125
0 0.690625 0.58154296875 0.034375 0.0126953125
0 0.7699218750000001 0.58935546875 0.01953125 0.0087890625
0 0.76484375 0.59619140625 0.028125 0.0107421875
0 0.38710937500000003 0.5576171875 0.017968750000000002 0.009765625
