0 0.07187500000000001 0.5732421875 0.0234375 0.013671875
0 0.102734375 0.59521484375 0.041406250000000006 0.0185546875
0 0.15781250000000002 0.5830078125 0.040625 0.013671875
0 0.18867187500000002 0.595703125 0.03359375 0.015625
0 0.21015625000000002 0.59228515625 0.035937500000000004 0.0126953125
0 0.33828125000000003 0.60595703125 0.0390625 0.0205078125
0 0.401953125 0.609375 0.03828125 0.013671875
0 0.4390625 0.61376953125 0.035937500000000004 0.0166015625
0 0.495703125 0.6220703125 0.041406250000000006 0.013671875
0 0.589453125 0.630859375 0.047656250000000004 0.017578125
0 0.69453125 0.64111328125 0.018750000000000003 0.0087890625
0 0.70625 0.6484375 0.026562500000000003 0.009765625
0 0.31328125 0.60302734375 0.021875000000000002 0.0126953125
