0 0.09921875000000001 0.57421875 0.0234375 0.01171875
0 0.129296875 0.59228515625 0.039843750000000004 0.0146484375
0 0.185546875 0.58203125 0.041406250000000006 0.013671875
0 0.2171875 0.59375 0.034375 0.013671875
0 0.23828125 0.59033203125 0.035937500000000004 0.0107421875
0 0.3671875 0.60302734375 0.037500000000000006 0.0205078125
0 0.43007812500000003 0.60595703125 0.03671875 0.0126953125
0 0.46640625 0.6103515625 0.035937500000000004 0.017578125
0 0.53359375 0.61865234375 0.043750000000000004 0.0146484375
0 0.619140625 0.625 0.04453125 0.013671875
0 0.7230468750000001 0.6357421875 0.017968750000000002 0.0078125
0 0.73359375 0.64306640625 0.026562500000000003 0.0107421875
0 0.34140625 0.60009765625 0.0234375 0.0107421875
