0 0.49531250000000004 0.5400390625 0.028125 0.009765625
0 0.525 0.556640625 0.040625 0.01171875
0 0.5796875 0.544921875 0.043750000000000004 0.009765625
0 0.6097656250000001 0.55517578125 0.03671875 0.0107421875
0 0.634765625 0.55078125 0.03828125 0.01171875
0 0.7375 0.55712890625 0.0203125 0.0107421875
0 0.82578125 0.5595703125 0.0390625 0.01171875
0 0.86328125 0.5634765625 0.0390625 0.013671875
0 0.9203125000000001 0.568359375 0.03125 0.009765625
0 0.19296875000000002 0.515625 0.0140625 0.005859375
0 0.7664062500000001 0.56103515625 0.046875 0.0185546875
