0 0.2421875 0.47021484375 0.025 0.0107421875
0 0.272265625 0.490234375 0.039843750000000004 0.015625
0 0.326953125 0.47998046875 0.041406250000000006 0.0146484375
0 0.35703125 0.490234375 0.034375 0.013671875
0 0.38046875 0.48779296875 0.035937500000000004 0.0126953125
0 0.51328125 0.501953125 0.043750000000000004 0.021484375
0 0.57265625 0.50439453125 0.0390625 0.0146484375
0 0.6097656250000001 0.50830078125 0.03671875 0.0166015625
0 0.666015625 0.51611328125 0.025781250000000002 0.0107421875
0 0.7562500000000001 0.525390625 0.035937500000000004 0.01171875
0 0.786328125 0.5302734375 0.047656250000000004 0.013671875
0 0.8675781250000001 0.541015625 0.01953125 0.0078125
0 0.866796875 0.54833984375 0.02421875 0.0107421875
0 0.48476562500000003 0.498046875 0.017968750000000002 0.01171875
