0 0.17500000000000002 0.46923828125 0.025 0.0107421875
0 0.205078125 0.48779296875 0.03828125 0.0126953125
0 0.259765625 0.47412109375 0.041406250000000006 0.0107421875
0 0.290625 0.4833984375 0.035937500000000004 0.013671875
0 0.31367187500000004 0.47998046875 0.03515625 0.0107421875
0 0.446875 0.48681640625 0.043750000000000004 0.0185546875
0 0.50546875 0.48681640625 0.035937500000000004 0.0107421875
0 0.544140625 0.48974609375 0.03671875 0.0146484375
0 0.6000000000000001 0.494140625 0.025 0.009765625
0 0.69140625 0.5 0.0328125 0.009765625
0 0.7210937500000001 0.50341796875 0.046875 0.0146484375
0 0.8011718750000001 0.509765625 0.017968750000000002 0.0078125
0 0.80078125 0.51513671875 0.0234375 0.0107421875
0 0.417578125 0.48486328125 0.017968750000000002 0.0107421875
