0 0.026953125 0.451171875 0.055468750000000004 0.0390625
0 0.1265625 0.4560546875 0.010937500000000001 0.0078125
0 0.14296875 0.45751953125 0.0140625 0.0068359375
0 0.17929687500000002 0.46142578125 0.014843750000000001 0.0087890625
0 0.201171875 0.4638671875 0.01640625 0.0078125
0 0.224609375 0.46533203125 0.017968750000000002 0.0087890625
0 0.276171875 0.47119140625 0.01953125 0.0087890625
0 0.32890625 0.47705078125 0.0171875 0.0068359375
0 0.353125 0.4794921875 0.021875000000000002 0.0078125
0 0.49062500000000003 0.51708984375 0.05 0.0400390625
0 0.8636718750000001 0.53173828125 0.013281250000000001 0.0263671875
0 0.6101562500000001 0.505859375 0.009375000000000001 0.005859375
0 0.620703125 0.50732421875 0.00859375 0.0068359375
0 0.6312500000000001 0.5078125 0.009375000000000001 0.005859375
0 0.640625 0.50927734375 0.009375000000000001 0.0068359375
0 0.7359375 0.52001953125 0.0078125 0.0068359375
0 0.591015625 0.50439453125 0.01015625 0.0068359375
0 0.55859375 0.50146484375 0.009375000000000001 0.0048828125
0 0.53515625 0.49853515625 0.03125 0.0087890625
0 0.5765625 0.50390625 0.004687500000000001 0.005859375
0 0.06171875 0.4482421875 0.0078125 0.0078125
0 0.471484375 0.49072265625 0.013281250000000001 0.0068359375
0 0.9324218750000001 0.5400390625 0.01015625 0.0078125
0 0.09335937500000001 0.44921875 0.017968750000000002 0.0078125
0 0.03125 0.4462890625 0.018750000000000003 0.009765625
0 0.014843750000000001 0.4443359375 0.0203125 0.009765625
0 0.491796875 0.49267578125 0.025781250000000002 0.0107421875
