0 0.226953125 0.54052734375 0.022656250000000003 0.0087890625
0 0.35273437500000004 0.54541015625 0.025781250000000002 0.0087890625
0 0.52109375 0.54931640625 0.040625 0.0263671875
0 0.4703125 0.54443359375 0.0140625 0.0068359375
0 0.675390625 0.552734375 0.055468750000000004 0.02734375
0 0.8140625 0.54833984375 0.018750000000000003 0.0068359375
0 0.8363281250000001 0.5478515625 0.014843750000000001 0.0078125
0 0.9500000000000001 0.548828125 0.0125 0.0078125
0 0.47968750000000004 0.53759765625 0.015625 0.0615234375
0 0.300390625 0.53564453125 0.05390625 0.0146484375
0 0.87265625 0.54736328125 0.010937500000000001 0.0068359375
0 0.93515625 0.548828125 0.009375000000000001 0.005859375
