0 0.176171875 0.53759765625 0.022656250000000003 0.0087890625
0 0.27968750000000003 0.5400390625 0.025 0.009765625
0 0.42031250000000003 0.53662109375 0.0171875 0.0068359375
0 0.50234375 0.54248046875 0.018750000000000003 0.0185546875
0 0.649609375 0.54443359375 0.055468750000000004 0.0205078125
0 0.6203125 0.53466796875 0.0203125 0.0068359375
0 0.78046875 0.5322265625 0.026562500000000003 0.0078125
0 0.847265625 0.53076171875 0.01171875 0.0068359375
0 0.9226562500000001 0.52978515625 0.0140625 0.0068359375
0 0.909765625 0.53076171875 0.00859375 0.0068359375
0 0.284375 0.53076171875 0.0578125 0.0126953125
0 0.47265625 0.5322265625 0.0140625 0.056640625
0 0.9906250000000001 0.52880859375 0.0140625 0.0068359375
0 0.65 0.5302734375 0.0421875 0.009765625
