0 0.95625 0.51708984375 0.03125 0.0107421875
0 0.93671875 0.521484375 0.00625 0.015625
0 0.7644531250000001 0.515625 0.01640625 0.029296875
0 0.7332031250000001 0.52294921875 0.0054687500000000005 0.0126953125
0 0.710546875 0.51708984375 0.013281250000000001 0.0361328125
0 0.45937500000000003 0.52685546875 0.009375000000000001 0.0283203125
0 0.160546875 0.51953125 0.01171875 0.041015625
0 0.1390625 0.5263671875 0.0078125 0.02734375
0 0.648046875 0.52490234375 0.014843750000000001 0.0068359375
0 0.44609375 0.52783203125 0.009375000000000001 0.0048828125
0 0.39687500000000003 0.52880859375 0.009375000000000001 0.0068359375
0 0.353515625 0.52978515625 0.00703125 0.0048828125
0 0.302734375 0.53076171875 0.01171875 0.0068359375
0 0.16914062500000002 0.5390625 0.017968750000000002 0.01171875
0 0.08515625 0.5341796875 0.015625 0.005859375
0 0.041796875000000004 0.53759765625 0.01953125 0.0068359375
0 0.00625 0.53759765625 0.0140625 0.0087890625
0 0.030859375 0.53515625 0.01015625 0.005859375
0 0.374609375 0.53271484375 0.00703125 0.0048828125
0 0.174609375 0.53271484375 0.00859375 0.0068359375
0 0.1 0.5341796875 0.0078125 0.005859375
0 0.11601562500000001 0.5341796875 0.00703125 0.005859375
0 0.147265625 0.5341796875 0.0054687500000000005 0.005859375
0 0.18281250000000002 0.53271484375 0.00625 0.0068359375
0 0.663671875 0.52392578125 0.01015625 0.0048828125
