0 0.696875 0.50439453125 0.0140625 0.0380859375
0 0.736328125 0.50439453125 0.014843750000000001 0.0263671875
0 0.7113281250000001 0.51123046875 0.0054687500000000005 0.0146484375
0 0.9144531250000001 0.50732421875 0.00703125 0.0166015625
0 0.433203125 0.5185546875 0.00859375 0.02734375
0 0.13671875 0.51513671875 0.015625 0.0419921875
0 0.009765625 0.53173828125 0.01171875 0.0048828125
0 0.065234375 0.529296875 0.017968750000000002 0.0078125
0 0.155078125 0.53173828125 0.01640625 0.0146484375
0 0.28125 0.52392578125 0.010937500000000001 0.0048828125
0 0.331640625 0.52197265625 0.00703125 0.0048828125
0 0.362890625 0.525390625 0.00703125 0.00390625
0 0.37578125 0.521484375 0.009375000000000001 0.005859375
0 0.42421875000000003 0.51904296875 0.009375000000000001 0.0048828125
0 0.626171875 0.51416015625 0.014843750000000001 0.0068359375
0 0.9339843750000001 0.50390625 0.030468750000000003 0.01171875
0 0.115625 0.53076171875 0.009375000000000001 0.0087890625
0 0.125390625 0.529296875 0.0054687500000000005 0.005859375
0 0.017968750000000002 0.533203125 0.0125 0.009765625
0 0.078125 0.5302734375 0.0078125 0.005859375
0 0.6421875 0.51318359375 0.009375000000000001 0.0048828125
