0 0.921875 0.5009765625 0.03125 0.009765625
0 0.90234375 0.50537109375 0.00625 0.0126953125
0 0.7175781250000001 0.50146484375 0.014843750000000001 0.0263671875
0 0.693359375 0.50146484375 0.00859375 0.0400390625
0 0.41796875 0.51953125 0.0078125 0.025390625
0 0.2703125 0.52392578125 0.010937500000000001 0.0048828125
0 0.412890625 0.5185546875 0.00859375 0.005859375
0 0.15000000000000002 0.5322265625 0.015625 0.013671875
0 0.12070312500000001 0.515625 0.01640625 0.041015625
0 0.10234375000000001 0.53271484375 0.0078125 0.0087890625
0 0.6156250000000001 0.5126953125 0.015625 0.005859375
0 0.0074218750000000005 0.53515625 0.014843750000000001 0.0078125
0 0.055859375 0.53125 0.014843750000000001 0.005859375
0 0.06640625 0.5302734375 0.009375000000000001 0.005859375
0 0.130859375 0.52880859375 0.01015625 0.0068359375
0 0.1390625 0.52880859375 0.009375000000000001 0.0068359375
0 0.319921875 0.52197265625 0.00703125 0.0048828125
0 0.3640625 0.52197265625 0.009375000000000001 0.0068359375
0 0.630859375 0.51123046875 0.01015625 0.0048828125
0 0.698828125 0.51123046875 0.0054687500000000005 0.0087890625
