0 0.726171875 0.59814453125 0.013281250000000001 0.0322265625
0 0.925 0.6044921875 0.00625 0.013671875
0 0.43515625 0.6015625 0.0078125 0.02734375
0 0.0027343750000000003 0.59375 0.00703125 0.005859375
0 0.015625 0.59375 0.0140625 0.0078125
0 0.033203125 0.5947265625 0.014843750000000001 0.009765625
0 0.133203125 0.5830078125 0.01953125 0.0390625
0 0.156640625 0.595703125 0.013281250000000001 0.0078125
0 0.183984375 0.60205078125 0.013281250000000001 0.0146484375
0 0.29453125 0.599609375 0.010937500000000001 0.005859375
0 0.343359375 0.59912109375 0.00703125 0.0048828125
0 0.388671875 0.599609375 0.01015625 0.005859375
0 0.640625 0.6025390625 0.015625 0.005859375
0 0.436328125 0.6005859375 0.01015625 0.005859375
0 0.40546875000000004 0.60302734375 0.00625 0.0048828125
0 0.944921875 0.6005859375 0.032031250000000004 0.009765625
0 0.168359375 0.5966796875 0.00703125 0.005859375
0 0.074609375 0.5947265625 0.014843750000000001 0.005859375
0 0.08828125 0.59423828125 0.0140625 0.0068359375
0 0.6546875000000001 0.60205078125 0.009375000000000001 0.0048828125
