0 0.9441406250000001 0.6005859375 0.032031250000000004 0.009765625
0 0.923828125 0.6044921875 0.00703125 0.013671875
0 0.733984375 0.59521484375 0.014843750000000001 0.0380859375
0 0.7175781250000001 0.59326171875 0.014843750000000001 0.0283203125
0 0.640234375 0.6005859375 0.014843750000000001 0.005859375
0 0.4140625 0.60107421875 0.00625 0.0048828125
0 0.38789062500000004 0.5966796875 0.00859375 0.0078125
0 0.437109375 0.59814453125 0.00703125 0.0048828125
0 0.343359375 0.5966796875 0.00703125 0.005859375
0 0.29453125 0.5966796875 0.010937500000000001 0.005859375
0 0.18671875000000002 0.59912109375 0.0140625 0.0146484375
0 0.43203125000000003 0.6015625 0.0078125 0.0234375
0 0.16640625 0.59326171875 0.00625 0.0068359375
0 0.15585937500000002 0.59228515625 0.01171875 0.0068359375
0 0.130859375 0.58056640625 0.014843750000000001 0.0400390625
0 0.13984375000000002 0.59423828125 0.004687500000000001 0.0048828125
0 0.07265625 0.59033203125 0.0140625 0.0068359375
0 0.08750000000000001 0.59130859375 0.0140625 0.0068359375
0 0.030468750000000003 0.59130859375 0.009375000000000001 0.0087890625
0 0.0078125 0.58984375 0.0171875 0.0078125
0 0.0203125 0.58935546875 0.00625 0.0048828125
0 0.03828125 0.5927734375 0.009375000000000001 0.0078125
0 0.654296875 0.60009765625 0.01015625 0.0048828125
