0 0.872265625 0.513671875 0.030468750000000003 0.009765625
0 0.853125 0.51513671875 0.00625 0.0166015625
0 0.6546875000000001 0.498046875 0.015625 0.02734375
0 0.5496093750000001 0.49462890625 0.01171875 0.0341796875
0 0.4109375 0.49560546875 0.00625 0.0185546875
0 0.35546875 0.4921875 0.009375000000000001 0.005859375
0 0.303515625 0.48974609375 0.01171875 0.0087890625
0 0.262890625 0.48828125 0.00703125 0.005859375
0 0.20820312500000002 0.4873046875 0.01015625 0.005859375
0 0.12812500000000002 0.46826171875 0.0171875 0.0498046875
0 0.106640625 0.4873046875 0.01171875 0.005859375
0 0.083203125 0.46923828125 0.01015625 0.0419921875
0 0.0671875 0.4814453125 0.0125 0.0078125
0 0.242578125 0.48681640625 0.00390625 0.0048828125
0 0.04609375 0.47998046875 0.004687500000000001 0.0068359375
0 0.051171875000000006 0.4814453125 0.0054687500000000005 0.005859375
0 0.01640625 0.4794921875 0.0078125 0.005859375
0 0.004296875 0.4814453125 0.01015625 0.009765625
0 0.55078125 0.50048828125 0.015625 0.0068359375
0 0.571875 0.50146484375 0.010937500000000001 0.0048828125
