0 0.9675781250000001 0.60205078125 0.032031250000000004 0.0107421875
0 0.9480468750000001 0.60546875 0.00703125 0.015625
0 0.77890625 0.59375 0.015625 0.04296875
0 0.7453125 0.60205078125 0.004687500000000001 0.0107421875
0 0.726171875 0.595703125 0.014843750000000001 0.0234375
0 0.45351562500000003 0.60205078125 0.00703125 0.0224609375
0 0.46132812500000003 0.5966796875 0.01015625 0.00390625
0 0.4140625 0.5966796875 0.009375000000000001 0.005859375
0 0.32070312500000003 0.59423828125 0.01171875 0.0048828125
0 0.217578125 0.5966796875 0.013281250000000001 0.015625
0 0.18203125 0.58984375 0.018750000000000003 0.0078125
0 0.150390625 0.5771484375 0.017968750000000002 0.0390625
0 0.06328125 0.58837890625 0.018750000000000003 0.0087890625
0 0.026562500000000003 0.58642578125 0.0171875 0.0087890625
0 0.667578125 0.6005859375 0.014843750000000001 0.005859375
0 0.369140625 0.59521484375 0.00703125 0.0048828125
0 0.34882812500000004 0.59423828125 0.00390625 0.0048828125
0 0.16640625 0.58984375 0.00625 0.005859375
0 0.044921875 0.58544921875 0.0054687500000000005 0.0048828125
0 0.005078125 0.5869140625 0.01171875 0.009765625
0 0.09726562500000001 0.58740234375 0.014843750000000001 0.0068359375
0 0.11093750000000001 0.58740234375 0.0125 0.0068359375
0 0.6800781250000001 0.60009765625 0.01015625 0.0048828125
