0 0.774609375 0.52001953125 0.03828125 0.0107421875
0 0.748046875 0.52294921875 0.00703125 0.0166015625
0 0.5453125 0.52490234375 0.004687500000000001 0.0126953125
0 0.47382812500000004 0.52880859375 0.01953125 0.0087890625
0 0.48750000000000004 0.51513671875 0.0125 0.0556640625
0 0.42421875000000003 0.5185546875 0.0140625 0.046875
0 0.31640625 0.51513671875 0.0171875 0.0791015625
0 0.282421875 0.5224609375 0.01171875 0.02734375
0 0.264453125 0.52685546875 0.01171875 0.0048828125
0 0.20625000000000002 0.529296875 0.037500000000000006 0.01171875
0 0.16953125000000002 0.53125 0.015625 0.0078125
0 0.06484375 0.517578125 0.015625 0.060546875
0 0.113671875 0.529296875 0.00859375 0.005859375
0 0.05859375 0.53076171875 0.00625 0.0048828125
0 0.27421875 0.52978515625 0.010937500000000001 0.0048828125
