0 0.474609375 0.54345703125 0.022656250000000003 0.0087890625
0 0.130859375 0.54345703125 0.00859375 0.0048828125
0 0.19062500000000002 0.54541015625 0.015625 0.0087890625
0 0.230859375 0.54296875 0.03671875 0.01171875
0 0.280859375 0.54052734375 0.01015625 0.0048828125
0 0.295703125 0.54296875 0.017968750000000002 0.005859375
0 0.07109375 0.53759765625 0.0140625 0.0478515625
0 0.08046875 0.52978515625 0.010937500000000001 0.0517578125
0 0.30976562500000004 0.5361328125 0.01640625 0.025390625
0 0.32148437500000004 0.5302734375 0.01640625 0.07421875
0 0.4234375 0.5322265625 0.0140625 0.044921875
0 0.49843750000000003 0.533203125 0.0140625 0.046875
0 0.5613281250000001 0.5390625 0.0054687500000000005 0.01171875
0 0.763671875 0.537109375 0.00703125 0.017578125
0 0.790625 0.5341796875 0.037500000000000006 0.01171875
0 0.35976562500000003 0.541015625 0.00859375 0.005859375
0 0.45390625 0.5400390625 0.015625 0.005859375
