0 0.8113281250000001 0.44970703125 0.03671875 0.0107421875
0 0.512109375 0.4482421875 0.013281250000000001 0.046875
0 0.41875 0.44873046875 0.0140625 0.0439453125
0 0.365234375 0.45166015625 0.017968750000000002 0.0263671875
0 0.466796875 0.45849609375 0.02421875 0.0107421875
0 0.327734375 0.44677734375 0.014843750000000001 0.0673828125
0 0.26484375 0.4609375 0.035937500000000004 0.01171875
0 0.2171875 0.462890625 0.015625 0.0078125
0 0.08125 0.45458984375 0.0140625 0.0537109375
0 0.09062500000000001 0.45068359375 0.0125 0.0517578125
0 0.784765625 0.453125 0.00703125 0.015625
0 0.582421875 0.45458984375 0.0054687500000000005 0.0107421875
0 0.30390625000000004 0.4580078125 0.009375000000000001 0.005859375
0 0.315234375 0.45947265625 0.01015625 0.0068359375
0 0.15390625000000002 0.46337890625 0.0078125 0.0048828125
0 0.101953125 0.46435546875 0.00859375 0.0048828125
0 0.01640625 0.46630859375 0.0140625 0.0107421875
0 0.327734375 0.4599609375 0.014843750000000001 0.0078125
0 0.38359375 0.45703125 0.009375000000000001 0.005859375
