0 0.9281250000000001 0.41064453125 0.010937500000000001 0.0419921875
0 0.7992187500000001 0.4189453125 0.010937500000000001 0.033203125
0 0.75390625 0.42041015625 0.0125 0.0419921875
0 0.7429687500000001 0.421875 0.015625 0.033203125
0 0.583203125 0.435546875 0.02734375 0.03515625
0 0.5046875000000001 0.4345703125 0.009375000000000001 0.0390625
0 0.46718750000000003 0.44287109375 0.010937500000000001 0.0322265625
0 0.31484375000000003 0.45654296875 0.037500000000000006 0.0166015625
0 0.416015625 0.45068359375 0.025781250000000002 0.0087890625
0 0.8128906250000001 0.42431640625 0.02421875 0.0107421875
0 0.83984375 0.42431640625 0.0140625 0.0048828125
0 0.602734375 0.43701171875 0.00703125 0.0048828125
0 0.65234375 0.43359375 0.0078125 0.005859375
0 0.524609375 0.443359375 0.00859375 0.009765625
0 0.515234375 0.44287109375 0.00703125 0.0068359375
0 0.366796875 0.4541015625 0.014843750000000001 0.0078125
0 0.38007812500000004 0.4521484375 0.00703125 0.00390625
0 0.7386718750000001 0.4306640625 0.013281250000000001 0.0078125
0 0.7921875 0.42431640625 0.0078125 0.0048828125
0 0.973828125 0.4150390625 0.014843750000000001 0.005859375
0 0.8855468750000001 0.41943359375 0.01171875 0.0048828125
