0 0.909375 0.58642578125 0.03125 0.0107421875
0 0.813671875 0.56982421875 0.013281250000000001 0.0498046875
0 0.56796875 0.5556640625 0.0140625 0.025390625
0 0.62109375 0.5654296875 0.015625 0.0078125
0 0.40859375000000003 0.5478515625 0.009375000000000001 0.005859375
0 0.274609375 0.53759765625 0.01171875 0.0068359375
0 0.36445312500000004 0.5458984375 0.00859375 0.005859375
0 0.233203125 0.53173828125 0.02109375 0.0380859375
0 0.18515625000000002 0.53662109375 0.015625 0.0205078125
0 0.14960937500000002 0.5283203125 0.00703125 0.009765625
0 0.07734375 0.51611328125 0.009375000000000001 0.0205078125
0 0.08671875000000001 0.52197265625 0.010937500000000001 0.0068359375
0 0.118359375 0.5244140625 0.01171875 0.0078125
0 0.13789062500000002 0.52587890625 0.01171875 0.0068359375
0 0.88828125 0.58740234375 0.0078125 0.0166015625
0 0.685546875 0.57080078125 0.0054687500000000005 0.0126953125
0 0.315234375 0.5400390625 0.0054687500000000005 0.005859375
0 0.00625 0.5146484375 0.0140625 0.005859375
0 0.039453125000000006 0.51708984375 0.014843750000000001 0.0068359375
0 0.053125000000000006 0.5185546875 0.0078125 0.005859375
0 0.017578125 0.51953125 0.00703125 0.005859375
