0 0.548828125 0.62353515625 0.02109375 0.0185546875
0 0.27773437500000003 0.58544921875 0.017968750000000002 0.0263671875
0 0.20625000000000002 0.56640625 0.010937500000000001 0.029296875
0 0.16718750000000002 0.5712890625 0.015625 0.03515625
0 0.599609375 0.5791015625 0.014843750000000001 0.025390625
0 0.9808593750000001 0.57763671875 0.02109375 0.0537109375
0 0.72578125 0.58544921875 0.0171875 0.0068359375
0 0.376953125 0.5791015625 0.01015625 0.005859375
0 0.46523437500000003 0.58203125 0.00859375 0.005859375
0 0.39140625 0.57958984375 0.0125 0.0048828125
0 0.78046875 0.58642578125 0.004687500000000001 0.0126953125
0 0.57265625 0.5849609375 0.0078125 0.00390625
0 0.5046875000000001 0.58154296875 0.0078125 0.0048828125
0 0.25820312500000003 0.578125 0.00703125 0.0078125
0 0.23984375000000002 0.57763671875 0.0078125 0.0048828125
0 0.24726562500000002 0.57763671875 0.0054687500000000005 0.0048828125
0 0.187890625 0.576171875 0.00859375 0.005859375
0 0.17578125 0.57470703125 0.010937500000000001 0.0068359375
0 0.110546875 0.57275390625 0.00703125 0.0048828125
0 0.09453125000000001 0.57275390625 0.010937500000000001 0.0068359375
0 0.122265625 0.576171875 0.00703125 0.005859375
0 0.055468750000000004 0.5732421875 0.028125 0.009765625
0 0.13984375000000002 0.57421875 0.021875000000000002 0.0078125
0 0.08515625 0.57177734375 0.00625 0.0048828125
0 0.22187500000000002 0.57568359375 0.00625 0.0048828125
