0 0.46210937500000004 0.58056640625 0.014843750000000001 0.0146484375
0 0.5242187500000001 0.548828125 0.015625 0.0234375
0 0.9324218750000001 0.55224609375 0.022656250000000003 0.0537109375
0 0.21835937500000002 0.5537109375 0.017968750000000002 0.02734375
0 0.06601562500000001 0.5380859375 0.01953125 0.033203125
0 0.15390625000000002 0.5361328125 0.010937500000000001 0.0234375
0 0.319140625 0.5478515625 0.01015625 0.005859375
0 0.40468750000000003 0.55029296875 0.010937500000000001 0.0068359375
0 0.6667968750000001 0.556640625 0.01640625 0.005859375
0 0.7203125 0.55908203125 0.004687500000000001 0.0107421875
0 0.439453125 0.55029296875 0.00703125 0.0048828125
0 0.18203125 0.54443359375 0.0078125 0.0048828125
0 0.20039062500000002 0.54638671875 0.0054687500000000005 0.0068359375
0 0.190234375 0.54541015625 0.00703125 0.0048828125
0 0.13984375000000002 0.54345703125 0.010937500000000001 0.0048828125
0 0.12382812500000001 0.54345703125 0.00703125 0.0068359375
0 0.109375 0.54150390625 0.0140625 0.0048828125
0 0.08750000000000001 0.54150390625 0.0078125 0.0048828125
0 0.07578125000000001 0.54052734375 0.009375000000000001 0.0068359375
0 0.037500000000000006 0.5400390625 0.009375000000000001 0.005859375
0 0.053125000000000006 0.5390625 0.00625 0.005859375
0 0.9226562500000001 0.56494140625 0.0078125 0.0126953125
0 0.9515625000000001 0.5625 0.0234375 0.009765625
0 0.16367187500000002 0.54248046875 0.0054687500000000005 0.0029296875
