0 0.7269531250000001 0.51513671875 0.030468750000000003 0.0107421875
0 0.54921875 0.51025390625 0.010937500000000001 0.0263671875
0 0.43359375 0.5107421875 0.009375000000000001 0.037109375
0 0.263671875 0.52197265625 0.00859375 0.0185546875
0 0.067578125 0.5224609375 0.01171875 0.005859375
0 0.12070312500000001 0.5205078125 0.00859375 0.005859375
0 0.162890625 0.52099609375 0.00859375 0.0068359375
0 0.21328125 0.51953125 0.009375000000000001 0.005859375
0 0.41171875 0.51953125 0.015625 0.005859375
0 0.504296875 0.52001953125 0.0054687500000000005 0.0087890625
0 0.708203125 0.51953125 0.00703125 0.013671875
0 0.053125000000000006 0.5263671875 0.010937500000000001 0.005859375
0 0.09921875000000001 0.52099609375 0.0078125 0.0048828125
