0 0.435546875 0.53076171875 0.013281250000000001 0.0341796875
0 0.543359375 0.52978515625 0.01015625 0.0244140625
0 0.242578125 0.53662109375 0.01015625 0.0263671875
0 0.71484375 0.533203125 0.03125 0.009765625
0 0.4 0.537109375 0.015625 0.0078125
0 0.201171875 0.5380859375 0.01015625 0.005859375
0 0.151171875 0.5390625 0.01015625 0.005859375
0 0.057031250000000006 0.53955078125 0.010937500000000001 0.0048828125
0 0.6953125 0.53759765625 0.00625 0.0126953125
0 0.491015625 0.53515625 0.0054687500000000005 0.015625
0 0.109375 0.53857421875 0.0078125 0.0048828125
0 0.07265625 0.5439453125 0.0078125 0.00390625
0 0.41835937500000003 0.5361328125 0.01015625 0.005859375
