0 0.8714843750000001 0.54931640625 0.032031250000000004 0.0107421875
0 0.68671875 0.544921875 0.0140625 0.03125
0 0.618359375 0.552734375 0.01171875 0.029296875
0 0.5609375 0.55712890625 0.0171875 0.0068359375
0 0.380859375 0.56005859375 0.01171875 0.0263671875
0 0.078515625 0.55419921875 0.02421875 0.0419921875
0 0.852734375 0.552734375 0.00703125 0.015625
0 0.6488281250000001 0.55712890625 0.0054687500000000005 0.0107421875
0 0.36054687500000004 0.560546875 0.01015625 0.005859375
0 0.311328125 0.56201171875 0.01015625 0.0068359375
0 0.276171875 0.5654296875 0.00859375 0.005859375
0 0.267578125 0.56201171875 0.00859375 0.0048828125
0 0.2171875 0.56298828125 0.010937500000000001 0.0048828125
0 0.057421875000000004 0.5673828125 0.013281250000000001 0.009765625
0 0.09531250000000001 0.56494140625 0.0140625 0.0068359375
0 0.014843750000000001 0.564453125 0.009375000000000001 0.005859375
0 0.033203125 0.564453125 0.01015625 0.005859375
0 0.578125 0.55615234375 0.010937500000000001 0.0048828125
