0 0.931640625 0.4990234375 0.039843750000000004 0.017578125
0 0.6550781250000001 0.51904296875 0.014843750000000001 0.0205078125
0 0.69453125 0.51806640625 0.015625 0.0087890625
0 0.35585937500000003 0.552734375 0.02734375 0.03125
0 0.37421875000000004 0.5419921875 0.010937500000000001 0.00390625
0 0.148046875 0.56689453125 0.014843750000000001 0.0146484375
0 0.087890625 0.556640625 0.01171875 0.03515625
0 0.9050781250000001 0.50439453125 0.00859375 0.0205078125
0 0.7039062500000001 0.52001953125 0.004687500000000001 0.0107421875
0 0.721875 0.51708984375 0.0140625 0.0068359375
0 0.405859375 0.5517578125 0.00859375 0.005859375
0 0.278515625 0.548828125 0.0054687500000000005 0.005859375
0 0.1859375 0.55615234375 0.009375000000000001 0.0048828125
0 0.15781250000000002 0.55859375 0.015625 0.0078125
0 0.060937500000000006 0.5634765625 0.0171875 0.0078125
0 0.12812500000000002 0.560546875 0.0171875 0.005859375
0 0.025 0.5595703125 0.0140625 0.056640625
0 0.035546875 0.56591796875 0.00703125 0.0068359375
0 0.00703125 0.5673828125 0.015625 0.009765625
0 0.140625 0.5615234375 0.009375000000000001 0.0078125
