0 0.0234375 0.7841796875 0.040625 0.01171875
0 0.042578125 0.77587890625 0.03515625 0.0087890625
0 0.131640625 0.77587890625 0.022656250000000003 0.0068359375
0 0.205078125 0.7724609375 0.01953125 0.0078125
0 0.2609375 0.78173828125 0.021875000000000002 0.0068359375
0 0.41250000000000003 0.77099609375 0.028125 0.0087890625
0 0.559765625 0.765625 0.02421875 0.009765625
0 0.6578125 0.7646484375 0.029687500000000002 0.0078125
0 0.6511718750000001 0.75830078125 0.017968750000000002 0.0068359375
0 0.71015625 0.75830078125 0.0203125 0.0107421875
0 0.758984375 0.75732421875 0.02109375 0.0068359375
0 0.86328125 0.75 0.015625 0.0078125
0 0.36250000000000004 0.775390625 0.05 0.017578125
0 0.471484375 0.76806640625 0.030468750000000003 0.0107421875
