0 0.014843750000000001 0.7666015625 0.03125 0.009765625
0 0.0054687500000000005 0.77685546875 0.0125 0.0087890625
0 0.09921875000000001 0.767578125 0.025 0.0078125
0 0.173828125 0.7666015625 0.02109375 0.0078125
0 0.22812500000000002 0.77685546875 0.0234375 0.0087890625
0 0.380859375 0.76904296875 0.02890625 0.0087890625
0 0.527734375 0.767578125 0.022656250000000003 0.009765625
0 0.6265625 0.7685546875 0.029687500000000002 0.0078125
0 0.6179687500000001 0.76123046875 0.018750000000000003 0.0068359375
0 0.677734375 0.76220703125 0.02109375 0.0107421875
0 0.72578125 0.76318359375 0.0234375 0.0068359375
0 0.831640625 0.75732421875 0.017968750000000002 0.0087890625
0 0.4390625 0.76708984375 0.03125 0.0107421875
0 0.33046875000000003 0.77294921875 0.051562500000000004 0.0185546875
0 0.9828125000000001 0.73388671875 0.0234375 0.0087890625
