0 0.04453125 0.76708984375 0.040625 0.0107421875
0 0.06484375 0.7568359375 0.037500000000000006 0.009765625
0 0.15351562500000002 0.75732421875 0.022656250000000003 0.0087890625
0 0.22773437500000002 0.7548828125 0.02109375 0.0078125
0 0.2828125 0.76416015625 0.021875000000000002 0.0087890625
0 0.43515625 0.755859375 0.029687500000000002 0.0078125
0 0.58203125 0.75244140625 0.0234375 0.0107421875
0 0.680859375 0.75244140625 0.030468750000000003 0.0087890625
0 0.6726562500000001 0.7451171875 0.018750000000000003 0.0078125
0 0.732421875 0.7451171875 0.02109375 0.01171875
0 0.780859375 0.74560546875 0.02109375 0.0068359375
0 0.884765625 0.73974609375 0.017968750000000002 0.0087890625
0 0.384765625 0.76025390625 0.05078125 0.0185546875
0 0.49375 0.75244140625 0.03125 0.0107421875
