0 0.07109375 0.73681640625 0.0234375 0.0068359375
0 0.14375000000000002 0.73681640625 0.0203125 0.0068359375
0 0.19921875 0.7470703125 0.021875000000000002 0.0078125
0 0.35078125000000004 0.7412109375 0.028125 0.009765625
0 0.49726562500000004 0.73974609375 0.022656250000000003 0.0087890625
0 0.5890625 0.7353515625 0.018750000000000003 0.005859375
0 0.595703125 0.7431640625 0.030468750000000003 0.0078125
0 0.6484375 0.7373046875 0.021875000000000002 0.01171875
0 0.6984375 0.7373046875 0.018750000000000003 0.005859375
0 0.800390625 0.73388671875 0.017968750000000002 0.0087890625
0 0.30000000000000004 0.744140625 0.051562500000000004 0.017578125
0 0.408984375 0.73876953125 0.02890625 0.0107421875
0 0.9554687500000001 0.7109375 0.021875000000000002 0.009765625
