0 0.006640625000000001 0.7314453125 0.014843750000000001 0.0078125
0 0.075390625 0.73193359375 0.02109375 0.0068359375
0 0.129296875 0.7431640625 0.022656250000000003 0.0078125
0 0.28164062500000003 0.7421875 0.02734375 0.0078125
0 0.428515625 0.744140625 0.022656250000000003 0.0078125
0 0.5183593750000001 0.74169921875 0.017968750000000002 0.0068359375
0 0.526953125 0.75 0.030468750000000003 0.0078125
0 0.580078125 0.74560546875 0.022656250000000003 0.0107421875
0 0.6296875000000001 0.74609375 0.018750000000000003 0.005859375
0 0.7328125000000001 0.74560546875 0.018750000000000003 0.0087890625
0 0.230859375 0.74365234375 0.05078125 0.0205078125
0 0.33906250000000004 0.74169921875 0.029687500000000002 0.0107421875
0 0.887890625 0.728515625 0.022656250000000003 0.0078125
0 0.9714843750000001 0.72509765625 0.00859375 0.0068359375
