0 0.022656250000000003 0.76025390625 0.0234375 0.0087890625
0 0.095703125 0.76025390625 0.02109375 0.0087890625
0 0.15000000000000002 0.77294921875 0.021875000000000002 0.0087890625
0 0.30234375 0.7685546875 0.026562500000000003 0.009765625
0 0.45 0.77001953125 0.021875000000000002 0.0087890625
0 0.540625 0.765625 0.0171875 0.005859375
0 0.5476562500000001 0.77392578125 0.03125 0.0087890625
0 0.60078125 0.7685546875 0.021875000000000002 0.01171875
0 0.6511718750000001 0.76904296875 0.017968750000000002 0.0068359375
0 0.755859375 0.76611328125 0.017968750000000002 0.0087890625
0 0.909765625 0.74658203125 0.022656250000000003 0.0087890625
0 0.251953125 0.77099609375 0.05234375 0.0185546875
0 0.3609375 0.76806640625 0.028125 0.0107421875
