0 0.050390625 0.76708984375 0.022656250000000003 0.0068359375
0 0.12265625000000001 0.767578125 0.0203125 0.0078125
0 0.177734375 0.77783203125 0.025781250000000002 0.0087890625
0 0.32929687500000004 0.77197265625 0.025781250000000002 0.0087890625
0 0.47968750000000004 0.77001953125 0.0234375 0.0068359375
0 0.57734375 0.7724609375 0.03125 0.0078125
0 0.5671875000000001 0.7646484375 0.018750000000000003 0.005859375
0 0.630859375 0.76708984375 0.01953125 0.0107421875
0 0.6781250000000001 0.7666015625 0.0203125 0.005859375
0 0.7855468750000001 0.76220703125 0.01953125 0.0087890625
0 0.9402343750000001 0.7392578125 0.02109375 0.0078125
0 0.3875 0.7705078125 0.028125 0.009765625
0 0.27890625 0.7744140625 0.053125000000000006 0.017578125
