0 0.053515625000000004 0.71875 0.022656250000000003 0.0078125
0 0.12617187500000002 0.7197265625 0.01953125 0.0078125
0 0.1796875 0.73193359375 0.025 0.0068359375
0 0.3328125 0.73095703125 0.026562500000000003 0.0087890625
0 0.48281250000000003 0.734375 0.0234375 0.0078125
0 0.58046875 0.73974609375 0.03125 0.0087890625
0 0.5691406250000001 0.732421875 0.017968750000000002 0.005859375
0 0.6335937500000001 0.7353515625 0.0171875 0.01171875
0 0.680859375 0.73828125 0.02109375 0.005859375
0 0.7898437500000001 0.73779296875 0.021875000000000002 0.0087890625
0 0.944921875 0.720703125 0.02109375 0.0078125
0 0.39140625 0.73046875 0.028125 0.009765625
0 0.28203125 0.73291015625 0.053125000000000006 0.0185546875
