0 0.035546875 0.7666015625 0.022656250000000003 0.0078125
0 0.10625000000000001 0.7685546875 0.0203125 0.0078125
0 0.15742187500000002 0.77880859375 0.022656250000000003 0.0087890625
0 0.312109375 0.77734375 0.02890625 0.009765625
0 0.466796875 0.779296875 0.02734375 0.0078125
0 0.5613281250000001 0.78271484375 0.03359375 0.0087890625
0 0.5496093750000001 0.77587890625 0.01953125 0.0068359375
0 0.6140625000000001 0.779296875 0.0203125 0.009765625
0 0.661328125 0.7802734375 0.02421875 0.0078125
0 0.773046875 0.77734375 0.022656250000000003 0.0078125
0 0.26210937500000003 0.77880859375 0.05234375 0.0205078125
0 0.9304687500000001 0.7568359375 0.0171875 0.009765625
0 0.37226562500000004 0.77685546875 0.02734375 0.0107421875
