0 0.0125 0.7607421875 0.026562500000000003 0.01171875
0 0.09609375 0.76171875 0.0234375 0.0078125
0 0.16796875 0.76123046875 0.0203125 0.0068359375
0 0.32460937500000003 0.76904296875 0.05234375 0.0205078125
0 0.374609375 0.76611328125 0.02890625 0.0087890625
0 0.622265625 0.767578125 0.03359375 0.0078125
0 0.6109375 0.76025390625 0.015625 0.0068359375
0 0.675390625 0.7626953125 0.01953125 0.01171875
0 0.723828125 0.7626953125 0.02109375 0.005859375
0 0.8343750000000001 0.7578125 0.021875000000000002 0.009765625
0 0.219140625 0.77197265625 0.022656250000000003 0.0068359375
0 0.5281250000000001 0.765625 0.026562500000000003 0.009765625
0 0.990234375 0.73486328125 0.014843750000000001 0.0087890625
0 0.43359375 0.76513671875 0.026562500000000003 0.0107421875
