0 0.102734375 0.7529296875 0.03671875 0.009765625
0 0.068359375 0.76025390625 0.057031250000000006 0.0146484375
0 0.3984375 0.7607421875 0.0390625 0.01171875
0 0.42265625 0.7509765625 0.037500000000000006 0.009765625
0 0.5109375 0.7470703125 0.0234375 0.0078125
0 0.581640625 0.74169921875 0.02109375 0.0068359375
0 0.638671875 0.748046875 0.025781250000000002 0.0078125
0 0.73984375 0.7392578125 0.05 0.017578125
0 0.7894531250000001 0.7333984375 0.02890625 0.009765625
0 0.9421875000000001 0.7216796875 0.025 0.009765625
0 0.8480468750000001 0.72802734375 0.02734375 0.0107421875
0 0.33359375 0.74072265625 0.009375000000000001 0.0048828125
