0 0.15000000000000002 0.7763671875 0.060937500000000006 0.015625
0 0.18281250000000002 0.767578125 0.037500000000000006 0.009765625
0 0.47773437500000004 0.76806640625 0.03828125 0.0107421875
0 0.50234375 0.7578125 0.037500000000000006 0.0078125
0 0.5906250000000001 0.7509765625 0.0234375 0.005859375
0 0.6609375000000001 0.74365234375 0.021875000000000002 0.0087890625
0 0.7171875000000001 0.74853515625 0.021875000000000002 0.0068359375
0 0.81953125 0.7373046875 0.05 0.017578125
0 0.8675781250000001 0.72998046875 0.02890625 0.0087890625
0 0.9261718750000001 0.72265625 0.02734375 0.01171875
