0 0.20390625 0.7880859375 0.060937500000000006 0.015625
0 0.23515625 0.77880859375 0.035937500000000004 0.0107421875
0 0.536328125 0.78125 0.041406250000000006 0.01171875
0 0.555859375 0.771484375 0.03828125 0.009765625
0 0.644140625 0.76513671875 0.022656250000000003 0.0068359375
0 0.7156250000000001 0.75830078125 0.0203125 0.0068359375
0 0.7742187500000001 0.76318359375 0.0234375 0.0068359375
0 0.921875 0.744140625 0.025 0.0078125
0 0.8757812500000001 0.751953125 0.05 0.017578125
0 0.982421875 0.736328125 0.032031250000000004 0.01171875
