0 0.048046875 0.802734375 0.06171875 0.017578125
0 0.07890625000000001 0.79443359375 0.035937500000000004 0.0126953125
0 0.37890625 0.80517578125 0.040625 0.0126953125
0 0.3984375 0.79541015625 0.037500000000000006 0.0087890625
0 0.487109375 0.7919921875 0.022656250000000003 0.005859375
0 0.5593750000000001 0.78662109375 0.0203125 0.0068359375
0 0.6175781250000001 0.79345703125 0.02421875 0.0087890625
0 0.7191406250000001 0.78369140625 0.05078125 0.0185546875
0 0.7660156250000001 0.77783203125 0.025781250000000002 0.0087890625
0 0.9171875 0.76611328125 0.0234375 0.0107421875
0 0.8296875 0.77197265625 0.037500000000000006 0.0126953125
