0 0.0234375 0.80615234375 0.0484375 0.0146484375
0 0.048828125 0.796875 0.03671875 0.01171875
0 0.34804687500000003 0.80712890625 0.041406250000000006 0.0126953125
0 0.36796875 0.79736328125 0.037500000000000006 0.0087890625
0 0.456640625 0.79296875 0.022656250000000003 0.005859375
0 0.528515625 0.78759765625 0.02109375 0.0068359375
0 0.5867187500000001 0.79345703125 0.025 0.0087890625
0 0.6878906250000001 0.783203125 0.049218750000000006 0.01953125
0 0.7351562500000001 0.77734375 0.026562500000000003 0.0078125
0 0.88671875 0.763671875 0.0234375 0.009765625
0 0.973828125 0.75146484375 0.01640625 0.0068359375
0 0.9828125000000001 0.75927734375 0.03125 0.0107421875
0 0.7992187500000001 0.77099609375 0.037500000000000006 0.0107421875
