0 0.27265625 0.81396484375 0.040625 0.0107421875
0 0.2921875 0.80419921875 0.037500000000000006 0.0087890625
0 0.38046875 0.798828125 0.021875000000000002 0.005859375
0 0.45234375000000004 0.79248046875 0.0203125 0.0068359375
0 0.5105468750000001 0.79833984375 0.022656250000000003 0.0068359375
0 0.612890625 0.7880859375 0.05078125 0.017578125
0 0.659765625 0.78076171875 0.025781250000000002 0.0087890625
0 0.8113281250000001 0.767578125 0.022656250000000003 0.009765625
0 0.8988281250000001 0.75439453125 0.01640625 0.0087890625
0 0.909375 0.76171875 0.03125 0.009765625
0 0.960546875 0.75146484375 0.02109375 0.0107421875
0 0.72265625 0.7744140625 0.037500000000000006 0.01171875
