0 0.19765625 0.82568359375 0.040625 0.0126953125
0 0.217578125 0.81591796875 0.03671875 0.0087890625
0 0.306640625 0.8095703125 0.022656250000000003 0.005859375
0 0.378515625 0.80322265625 0.02109375 0.0068359375
0 0.43593750000000003 0.8095703125 0.0234375 0.0078125
0 0.53828125 0.79833984375 0.051562500000000004 0.0185546875
0 0.5859375 0.79052734375 0.026562500000000003 0.0087890625
0 0.7375 0.77587890625 0.0234375 0.0107421875
0 0.8343750000000001 0.77001953125 0.034375 0.0087890625
0 0.825390625 0.76318359375 0.01640625 0.0068359375
0 0.8871093750000001 0.759765625 0.02109375 0.01171875
0 0.9390625 0.7548828125 0.021875000000000002 0.0078125
0 0.6492187500000001 0.7841796875 0.037500000000000006 0.01171875
