0 0.194140625 0.82421875 0.039843750000000004 0.013671875
0 0.21406250000000002 0.81298828125 0.037500000000000006 0.0087890625
0 0.302734375 0.8076171875 0.022656250000000003 0.0078125
0 0.375 0.80078125 0.0203125 0.005859375
0 0.43281250000000004 0.8056640625 0.0234375 0.0078125
0 0.53515625 0.79541015625 0.051562500000000004 0.0185546875
0 0.582421875 0.78662109375 0.025781250000000002 0.0087890625
0 0.733984375 0.77294921875 0.022656250000000003 0.0107421875
0 0.822265625 0.7587890625 0.01640625 0.0078125
0 0.8304687500000001 0.765625 0.035937500000000004 0.009765625
0 0.8832031250000001 0.7548828125 0.02109375 0.01171875
0 0.935546875 0.7509765625 0.02109375 0.0078125
0 0.6453125000000001 0.78076171875 0.037500000000000006 0.0126953125
