0 0.178125 0.81591796875 0.040625 0.0126953125
0 0.198046875 0.80615234375 0.03671875 0.0087890625
0 0.287109375 0.7998046875 0.022656250000000003 0.005859375
0 0.358984375 0.79296875 0.01953125 0.005859375
0 0.41640625000000003 0.798828125 0.0234375 0.0078125
0 0.51875 0.7880859375 0.051562500000000004 0.01953125
0 0.56640625 0.7802734375 0.026562500000000003 0.0078125
0 0.71796875 0.765625 0.0234375 0.009765625
0 0.814453125 0.75927734375 0.03515625 0.0107421875
0 0.8050781250000001 0.75341796875 0.01640625 0.0068359375
0 0.86640625 0.7490234375 0.021875000000000002 0.01171875
0 0.919140625 0.7451171875 0.02109375 0.005859375
0 0.628515625 0.77392578125 0.03671875 0.0126953125
