0 0.16796875 0.8095703125 0.040625 0.013671875
0 0.1875 0.80029296875 0.037500000000000006 0.0087890625
0 0.278125 0.794921875 0.025 0.005859375
0 0.349609375 0.7880859375 0.022656250000000003 0.005859375
0 0.405859375 0.7939453125 0.02421875 0.005859375
0 0.5085937500000001 0.78271484375 0.051562500000000004 0.0185546875
0 0.555859375 0.7763671875 0.02734375 0.0078125
0 0.7078125000000001 0.7626953125 0.0234375 0.009765625
0 0.79609375 0.75 0.0171875 0.0078125
0 0.80625 0.7568359375 0.0328125 0.009765625
0 0.85703125 0.74658203125 0.021875000000000002 0.0107421875
0 0.909765625 0.74169921875 0.02109375 0.0068359375
0 0.6195312500000001 0.77001953125 0.037500000000000006 0.0107421875
