0 0.07382812500000001 0.80126953125 0.041406250000000006 0.0107421875
0 0.09375 0.79296875 0.0390625 0.0078125
0 0.18359375 0.78857421875 0.0234375 0.0048828125
0 0.25429687500000003 0.78466796875 0.02109375 0.0068359375
0 0.3125 0.791015625 0.025 0.0078125
0 0.41328125000000004 0.78271484375 0.051562500000000004 0.0185546875
0 0.46171875 0.7763671875 0.026562500000000003 0.009765625
0 0.61328125 0.76611328125 0.0234375 0.0087890625
0 0.702734375 0.7548828125 0.01640625 0.0078125
0 0.712109375 0.76318359375 0.03359375 0.0087890625
0 0.76328125 0.75390625 0.0234375 0.01171875
0 0.8167968750000001 0.75 0.01953125 0.005859375
0 0.9125000000000001 0.7412109375 0.018750000000000003 0.0078125
0 0.525390625 0.77099609375 0.03671875 0.0107421875
