0 0.018750000000000003 0.81591796875 0.0390625 0.0126953125
0 0.037109375 0.80615234375 0.03671875 0.0107421875
0 0.1265625 0.80322265625 0.0234375 0.0068359375
0 0.19765625 0.798828125 0.0203125 0.0078125
0 0.255078125 0.8056640625 0.02421875 0.0078125
0 0.40468750000000003 0.7919921875 0.026562500000000003 0.0078125
0 0.55625 0.7822265625 0.0234375 0.0078125
0 0.6546875000000001 0.779296875 0.0328125 0.009765625
0 0.6453125000000001 0.7724609375 0.0171875 0.005859375
0 0.706640625 0.7705078125 0.02109375 0.01171875
0 0.759765625 0.76708984375 0.01953125 0.0048828125
0 0.85546875 0.75830078125 0.018750000000000003 0.0087890625
0 0.357421875 0.798828125 0.05234375 0.01953125
0 0.468359375 0.78662109375 0.03671875 0.0107421875
