0 0.046484375 0.82080078125 0.025781250000000002 0.0068359375
0 0.1171875 0.81689453125 0.0234375 0.0068359375
0 0.174609375 0.82373046875 0.025781250000000002 0.0068359375
0 0.323828125 0.810546875 0.030468750000000003 0.0078125
0 0.47500000000000003 0.79931640625 0.025 0.0087890625
0 0.564453125 0.7900390625 0.017968750000000002 0.005859375
0 0.57421875 0.79736328125 0.035937500000000004 0.0087890625
0 0.6257812500000001 0.7880859375 0.0234375 0.01171875
0 0.6796875 0.78369140625 0.0203125 0.0068359375
0 0.775390625 0.77587890625 0.01953125 0.0087890625
0 0.2765625 0.81591796875 0.053125000000000006 0.0185546875
0 0.38828125 0.8046875 0.0390625 0.01171875
0 0.947265625 0.7392578125 0.01640625 0.009765625
