0 0.018750000000000003 0.81591796875 0.021875000000000002 0.0087890625
0 0.07578125000000001 0.82421875 0.025 0.0078125
0 0.224609375 0.8154296875 0.02890625 0.009765625
0 0.37617187500000004 0.8095703125 0.02421875 0.0078125
0 0.46601562500000004 0.8017578125 0.017968750000000002 0.005859375
0 0.47421875 0.81005859375 0.034375 0.0087890625
0 0.5265625 0.8017578125 0.0234375 0.01171875
0 0.58125 0.7998046875 0.018750000000000003 0.0078125
0 0.67578125 0.79345703125 0.0171875 0.0068359375
0 0.1765625 0.81982421875 0.051562500000000004 0.0185546875
0 0.288671875 0.81201171875 0.03828125 0.0107421875
0 0.84921875 0.7626953125 0.015625 0.0078125
0 0.9128906250000001 0.75732421875 0.01015625 0.0068359375
0 0.958203125 0.75146484375 0.00703125 0.0048828125
