0 0.49726562500000004 0.80029296875 0.017968750000000002 0.0087890625
0 0.403125 0.80908203125 0.018750000000000003 0.0068359375
0 0.3484375 0.8125 0.0234375 0.01171875
0 0.287109375 0.81298828125 0.017968750000000002 0.0048828125
0 0.29531250000000003 0.82080078125 0.034375 0.0087890625
0 0.19882812500000002 0.82275390625 0.02421875 0.0087890625
0 0.047656250000000004 0.83203125 0.028125 0.0078125
0 0.013281250000000001 0.83740234375 0.028125 0.0166015625
0 0.111328125 0.82666015625 0.03828125 0.0107421875
0 0.6707031250000001 0.76708984375 0.01640625 0.0087890625
0 0.734375 0.759765625 0.010937500000000001 0.005859375
0 0.7800781250000001 0.75390625 0.00859375 0.005859375
