0 0.46914062500000003 0.806640625 0.01953125 0.009765625
0 0.374609375 0.81494140625 0.01953125 0.0068359375
0 0.319921875 0.81787109375 0.022656250000000003 0.0126953125
0 0.266796875 0.82666015625 0.03515625 0.0087890625
0 0.25859375 0.8193359375 0.018750000000000003 0.0078125
0 0.1703125 0.82861328125 0.025 0.0087890625
0 0.01953125 0.83740234375 0.028125 0.0087890625
0 0.6421875 0.77294921875 0.0171875 0.0087890625
0 0.083203125 0.83251953125 0.03671875 0.0107421875
0 0.70625 0.76513671875 0.009375000000000001 0.0068359375
0 0.751953125 0.76025390625 0.00859375 0.0048828125
