0 0.43398437500000003 0.80859375 0.01953125 0.009765625
0 0.34023437500000003 0.81787109375 0.01953125 0.0068359375
0 0.28554687500000003 0.82080078125 0.022656250000000003 0.0126953125
0 0.232421875 0.8291015625 0.03359375 0.009765625
0 0.22421875000000002 0.82177734375 0.018750000000000003 0.0068359375
0 0.136328125 0.83154296875 0.02421875 0.0107421875
0 0.6078125000000001 0.7744140625 0.0171875 0.0078125
0 0.049218750000000006 0.83544921875 0.037500000000000006 0.0107421875
0 0.671484375 0.767578125 0.00859375 0.005859375
0 0.716796875 0.76220703125 0.00703125 0.0048828125
