0 0.22031250000000002 0.83935546875 0.040625 0.0126953125
0 0.24453125 0.82861328125 0.035937500000000004 0.0087890625
0 0.331640625 0.81884765625 0.022656250000000003 0.0068359375
0 0.404296875 0.80810546875 0.02109375 0.0087890625
0 0.45742187500000003 0.81005859375 0.02109375 0.0068359375
0 0.6109375 0.78564453125 0.026562500000000003 0.0107421875
0 0.7644531250000001 0.7626953125 0.025781250000000002 0.01171875
0 0.851171875 0.7451171875 0.01640625 0.0078125
0 0.8597656250000001 0.75146484375 0.032031250000000004 0.0107421875
0 0.91171875 0.73828125 0.018750000000000003 0.01171875
0 0.9617187500000001 0.73095703125 0.0234375 0.0087890625
0 0.5640625 0.794921875 0.051562500000000004 0.021484375
0 0.673046875 0.775390625 0.03515625 0.013671875
