0 0.255078125 0.73779296875 0.039843750000000004 0.0126953125
0 0.27890625 0.73095703125 0.035937500000000004 0.0107421875
0 0.36757812500000003 0.7333984375 0.022656250000000003 0.0078125
0 0.440234375 0.73486328125 0.02109375 0.0068359375
0 0.49609375 0.74560546875 0.026562500000000003 0.0068359375
0 0.646484375 0.74462890625 0.02734375 0.0087890625
0 0.800390625 0.74755859375 0.025781250000000002 0.0087890625
0 0.88828125 0.7431640625 0.018750000000000003 0.0078125
0 0.8972656250000001 0.7509765625 0.030468750000000003 0.0078125
0 0.9496093750000001 0.74658203125 0.01953125 0.0107421875
0 0.9925781250000001 0.748046875 0.01171875 0.0078125
0 0.598828125 0.74658203125 0.05078125 0.0185546875
0 0.7097656250000001 0.74365234375 0.03359375 0.0107421875
