0 0.30390625000000004 0.7451171875 0.040625 0.01171875
0 0.328125 0.73876953125 0.035937500000000004 0.0107421875
0 0.41718750000000004 0.73876953125 0.0234375 0.0068359375
0 0.490234375 0.7392578125 0.02109375 0.0078125
0 0.5457031250000001 0.74853515625 0.025781250000000002 0.0068359375
0 0.6957031250000001 0.7451171875 0.02734375 0.0078125
0 0.8500000000000001 0.74365234375 0.025 0.0087890625
0 0.9375 0.7392578125 0.0171875 0.005859375
0 0.946484375 0.74658203125 0.032031250000000004 0.0087890625
0 0.0140625 0.7216796875 0.029687500000000002 0.01953125
0 0.648046875 0.74755859375 0.05078125 0.0185546875
0 0.759765625 0.7431640625 0.03359375 0.009765625
0 0.99375 0.74169921875 0.009375000000000001 0.0107421875
