0 0.299609375 0.826171875 0.02421875 0.013671875
0 0.129296875 0.84375 0.025781250000000002 0.009765625
0 0.00703125 0.85498046875 0.015625 0.0107421875
0 0.080078125 0.84521484375 0.014843750000000001 0.0068359375
0 0.9089843750000001 0.72119140625 0.01953125 0.0126953125
0 0.087890625 0.82470703125 0.0054687500000000005 0.0048828125
0 0.193359375 0.8173828125 0.00859375 0.00390625
0 0.40351562500000004 0.7861328125 0.01015625 0.009765625
0 0.472265625 0.78125 0.01015625 0.005859375
0 0.4859375 0.77978515625 0.004687500000000001 0.0048828125
0 0.927734375 0.71044921875 0.00703125 0.0048828125
