0 0.45859375 0.81494140625 0.026562500000000003 0.0107421875
0 0.3203125 0.83251953125 0.0171875 0.0068359375
0 0.14765625000000002 0.84228515625 0.0234375 0.0107421875
0 0.023046875 0.85107421875 0.01953125 0.0107421875
0 0.1 0.841796875 0.0125 0.005859375
0 0.9070312500000001 0.74267578125 0.0203125 0.0107421875
0 0.031640625 0.82763671875 0.01015625 0.0068359375
0 0.420703125 0.7939453125 0.01015625 0.0078125
0 0.49609375 0.78857421875 0.010937500000000001 0.0068359375
0 0.9320312500000001 0.73095703125 0.00625 0.0048828125
0 0.208984375 0.81884765625 0.00859375 0.0048828125
0 0.079296875 0.8251953125 0.00703125 0.00390625
