0 0.6160156250000001 0.8037109375 0.02734375 0.013671875
0 0.679296875 0.80029296875 0.01953125 0.0087890625
0 0.50625 0.81396484375 0.025 0.0107421875
0 0.380859375 0.8291015625 0.01953125 0.0078125
0 0.37031250000000004 0.8330078125 0.015625 0.005859375
0 0.35859375000000004 0.83056640625 0.018750000000000003 0.0048828125
0 0.45703125 0.81787109375 0.015625 0.0068359375
0 0.327734375 0.82958984375 0.013281250000000001 0.0048828125
0 0.30117187500000003 0.8427734375 0.01953125 0.005859375
0 0.267578125 0.8427734375 0.032031250000000004 0.0078125
0 0.18828125 0.8388671875 0.015625 0.005859375
0 0.16523437500000002 0.84912109375 0.017968750000000002 0.0068359375
0 0.15703125 0.85400390625 0.015625 0.0068359375
0 0.123046875 0.8369140625 0.013281250000000001 0.009765625
0 0.07695312500000001 0.84814453125 0.02109375 0.0087890625
0 0.7894531250000001 0.75927734375 0.01171875 0.0087890625
0 0.1953125 0.8212890625 0.0125 0.005859375
0 0.6527343750000001 0.78271484375 0.00859375 0.0048828125
