0 0.798828125 0.7783203125 0.025781250000000002 0.015625
0 0.6253906250000001 0.8017578125 0.02734375 0.01171875
0 0.49921875000000004 0.8193359375 0.018750000000000003 0.0078125
0 0.575390625 0.8076171875 0.013281250000000001 0.005859375
0 0.490234375 0.82421875 0.013281250000000001 0.005859375
0 0.47734375 0.822265625 0.018750000000000003 0.005859375
0 0.44570312500000003 0.822265625 0.013281250000000001 0.005859375
0 0.419921875 0.8359375 0.017968750000000002 0.005859375
0 0.386328125 0.83642578125 0.032031250000000004 0.0087890625
0 0.30625 0.83544921875 0.015625 0.0068359375
0 0.283984375 0.84619140625 0.01640625 0.0068359375
0 0.241015625 0.83251953125 0.01015625 0.0068359375
0 0.194140625 0.84765625 0.01953125 0.009765625
0 0.051171875000000006 0.8515625 0.013281250000000001 0.005859375
0 0.07421875 0.84521484375 0.0078125 0.0048828125
0 0.087890625 0.8525390625 0.01171875 0.005859375
0 0.036328125 0.8525390625 0.01171875 0.00390625
0 0.22773437500000002 0.8447265625 0.01015625 0.00390625
0 0.275 0.8505859375 0.0140625 0.005859375
0 0.323046875 0.81591796875 0.01015625 0.0048828125
0 0.24140625000000002 0.837890625 0.0140625 0.005859375
0 0.747265625 0.76904296875 0.00859375 0.0048828125
0 0.909375 0.73876953125 0.010937500000000001 0.0087890625
