0 0.8093750000000001 0.77392578125 0.026562500000000003 0.0126953125
0 0.62421875 0.79931640625 0.028125 0.0126953125
0 0.573828125 0.8046875 0.013281250000000001 0.005859375
0 0.496875 0.81787109375 0.0203125 0.0068359375
0 0.48750000000000004 0.822265625 0.0171875 0.005859375
0 0.476171875 0.8203125 0.01953125 0.005859375
0 0.444140625 0.81982421875 0.013281250000000001 0.0048828125
0 0.41796875 0.833984375 0.0171875 0.005859375
0 0.38320312500000003 0.8349609375 0.02890625 0.0078125
0 0.30507812500000003 0.83349609375 0.014843750000000001 0.0068359375
0 0.28203125 0.84375 0.0171875 0.005859375
0 0.27382812500000003 0.849609375 0.014843750000000001 0.005859375
0 0.23984375000000002 0.8330078125 0.0140625 0.01171875
0 0.19296875000000002 0.845703125 0.021875000000000002 0.009765625
0 0.050390625 0.85009765625 0.013281250000000001 0.0068359375
0 0.0734375 0.84375 0.0078125 0.005859375
0 0.08671875000000001 0.85107421875 0.010937500000000001 0.0048828125
0 0.03515625 0.85107421875 0.010937500000000001 0.0048828125
0 0.32343750000000004 0.81396484375 0.010937500000000001 0.0068359375
0 0.2265625 0.84326171875 0.009375000000000001 0.0048828125
0 0.741796875 0.76806640625 0.00859375 0.0048828125
0 0.9085937500000001 0.73681640625 0.010937500000000001 0.0068359375
