0 0.8601562500000001 0.63916015625 0.0421875 0.0205078125
0 0.6296875000000001 0.6474609375 0.0390625 0.044921875
0 0.675390625 0.62841796875 0.014843750000000001 0.0068359375
0 0.541015625 0.6318359375 0.06171875 0.03515625
0 0.4734375 0.6181640625 0.0203125 0.0078125
0 0.421484375 0.6171875 0.01953125 0.0078125
0 0.299609375 0.609375 0.017968750000000002 0.0078125
0 0.1265625 0.599609375 0.018750000000000003 0.0078125
0 0.05078125 0.595703125 0.0125 0.005859375
0 0.6890625 0.62109375 0.028125 0.01171875
0 0.913671875 0.62939453125 0.013281250000000001 0.0068359375
