0 0.252734375 0.5703125 0.03671875 0.009765625
0 0.35585937500000003 0.56689453125 0.030468750000000003 0.0087890625
0 0.34765625 0.5576171875 0.026562500000000003 0.005859375
0 0.38828125 0.5625 0.0328125 0.0078125
0 0.50390625 0.56689453125 0.03125 0.0146484375
0 0.58203125 0.564453125 0.035937500000000004 0.009765625
0 0.6058593750000001 0.56591796875 0.03671875 0.0126953125
0 0.6683593750000001 0.56884765625 0.025781250000000002 0.0087890625
0 0.27265625 0.55615234375 0.018750000000000003 0.0087890625
0 0.7523437500000001 0.572265625 0.040625 0.01171875
0 0.8269531250000001 0.5830078125 0.02421875 0.0078125
0 0.8539062500000001 0.57666015625 0.0171875 0.0068359375
0 0.47968750000000004 0.564453125 0.0171875 0.0078125
