0 0.261328125 0.64306640625 0.02421875 0.0107421875
0 0.292578125 0.65966796875 0.039843750000000004 0.0107421875
0 0.3484375 0.646484375 0.0390625 0.009765625
0 0.381640625 0.65576171875 0.03671875 0.0087890625
0 0.40234375 0.64990234375 0.035937500000000004 0.0087890625
0 0.5300781250000001 0.65380859375 0.03671875 0.0166015625
0 0.59296875 0.6533203125 0.040625 0.013671875
0 0.6882812500000001 0.65576171875 0.026562500000000003 0.0087890625
0 0.630078125 0.65283203125 0.03515625 0.0146484375
0 0.7828125 0.65673828125 0.043750000000000004 0.0126953125
0 0.88671875 0.65966796875 0.018750000000000003 0.0068359375
0 0.89609375 0.66552734375 0.025 0.0087890625
0 0.504296875 0.65185546875 0.02109375 0.0087890625
