0 0.855078125 0.57275390625 0.03671875 0.0126953125
0 0.751171875 0.56640625 0.03359375 0.0078125
0 0.7332031250000001 0.56787109375 0.00703125 0.0146484375
0 0.527734375 0.55078125 0.0054687500000000005 0.013671875
0 0.44140625 0.52880859375 0.0234375 0.0693359375
0 0.366015625 0.54052734375 0.01015625 0.0048828125
0 0.302734375 0.53173828125 0.01953125 0.0361328125
0 0.166015625 0.525390625 0.01015625 0.005859375
0 0.107421875 0.51953125 0.00390625 0.00390625
0 0.0859375 0.51953125 0.004687500000000001 0.0078125
0 0.066796875 0.5185546875 0.00703125 0.00390625
0 0.06015625 0.51708984375 0.004687500000000001 0.0048828125
0 0.05390625 0.5166015625 0.004687500000000001 0.00390625
0 0.2078125 0.5263671875 0.0078125 0.00390625
0 0.232421875 0.52880859375 0.0054687500000000005 0.0029296875
