0 0.800390625 0.4677734375 0.03828125 0.009765625
0 0.15781250000000002 0.46142578125 0.018750000000000003 0.0205078125
0 0.05625 0.46875 0.0203125 0.025390625
0 0.24960937500000002 0.45654296875 0.01015625 0.0048828125
0 0.6109375 0.48974609375 0.0203125 0.0126953125
0 0.55 0.4619140625 0.0234375 0.005859375
0 0.44179687500000003 0.4560546875 0.01015625 0.021484375
0 0.8167968750000001 0.4521484375 0.02421875 0.107421875
0 0.7734375 0.46923828125 0.00625 0.0166015625
0 0.571484375 0.46435546875 0.0054687500000000005 0.0107421875
0 0.34609375000000003 0.458984375 0.009375000000000001 0.005859375
0 0.005859375 0.4560546875 0.00859375 0.00390625
0 0.068359375 0.45654296875 0.00859375 0.0048828125
0 0.041796875000000004 0.4580078125 0.0054687500000000005 0.00390625
0 0.4546875 0.46240234375 0.015625 0.0087890625
0 0.42812500000000003 0.458984375 0.0078125 0.0078125
