0 0.25820312500000003 0.51123046875 0.03671875 0.0126953125
0 0.21210937500000002 0.51416015625 0.014843750000000001 0.0068359375
0 0.08164062500000001 0.50341796875 0.013281250000000001 0.0556640625
0 0.091796875 0.50048828125 0.01171875 0.0517578125
0 0.32851562500000003 0.49951171875 0.014843750000000001 0.0693359375
0 0.35000000000000003 0.50390625 0.0171875 0.02734375
0 0.423828125 0.50146484375 0.014843750000000001 0.0439453125
0 0.51171875 0.498046875 0.0125 0.052734375
0 0.47382812500000004 0.5068359375 0.02421875 0.01953125
0 0.8078125 0.50341796875 0.037500000000000006 0.0087890625
0 0.78125 0.50439453125 0.00625 0.0166015625
0 0.5789062500000001 0.5068359375 0.004687500000000001 0.01171875
0 0.299609375 0.509765625 0.01015625 0.005859375
0 0.311328125 0.51171875 0.01015625 0.005859375
0 0.322265625 0.51123046875 0.01015625 0.0068359375
0 0.150390625 0.51318359375 0.00859375 0.0048828125
0 0.008984375000000001 0.51513671875 0.017968750000000002 0.0087890625
0 0.096875 0.5146484375 0.0078125 0.00390625
0 0.13593750000000002 0.51513671875 0.00625 0.0048828125
0 0.37890625 0.509765625 0.009375000000000001 0.005859375
