0 0.81640625 0.50244140625 0.0125 0.0458984375
0 0.644140625 0.5107421875 0.014843750000000001 0.025390625
0 0.36015625 0.5224609375 0.021875000000000002 0.03515625
0 0.9417968750000001 0.50927734375 0.032031250000000004 0.0087890625
0 0.10625000000000001 0.521484375 0.0125 0.03125
0 0.008203125 0.53466796875 0.017968750000000002 0.0107421875
0 0.051953125 0.5322265625 0.013281250000000001 0.005859375
0 0.071484375 0.5322265625 0.01640625 0.005859375
0 0.135546875 0.52978515625 0.014843750000000001 0.0068359375
0 0.30234375 0.52587890625 0.010937500000000001 0.0048828125
0 0.4390625 0.521484375 0.009375000000000001 0.00390625
0 0.21250000000000002 0.53369140625 0.0140625 0.0185546875
0 0.921875 0.51171875 0.00625 0.013671875
0 0.7195312500000001 0.51611328125 0.004687500000000001 0.0087890625
0 0.39375000000000004 0.5234375 0.0078125 0.005859375
0 0.347265625 0.52490234375 0.0054687500000000005 0.0048828125
0 0.148828125 0.52978515625 0.0054687500000000005 0.0048828125
0 0.15390625000000002 0.53076171875 0.00625 0.0068359375
0 0.164453125 0.53173828125 0.01015625 0.0087890625
0 0.0859375 0.53173828125 0.0078125 0.0068359375
0 0.036328125 0.53271484375 0.00703125 0.0048828125
0 0.043359375000000006 0.5361328125 0.00703125 0.00390625
0 0.025781250000000002 0.53271484375 0.0078125 0.0048828125
0 0.471484375 0.52392578125 0.0054687500000000005 0.0029296875
