0 0.015234375000000001 0.75732421875 0.032031250000000004 0.0107421875
0 0.306640625 0.77001953125 0.039843750000000004 0.0107421875
0 0.33125000000000004 0.7607421875 0.037500000000000006 0.009765625
0 0.41914062500000004 0.7578125 0.022656250000000003 0.005859375
0 0.4921875 0.75341796875 0.0203125 0.0068359375
0 0.544921875 0.76025390625 0.02109375 0.0068359375
0 0.649609375 0.75341796875 0.05078125 0.0185546875
0 0.6996093750000001 0.748046875 0.02890625 0.0078125
0 0.8519531250000001 0.73876953125 0.025781250000000002 0.0087890625
0 0.9339843750000001 0.72900390625 0.014843750000000001 0.0068359375
0 0.946484375 0.736328125 0.032031250000000004 0.009765625
0 0.758984375 0.74267578125 0.025781250000000002 0.0107421875
0 0.004296875 0.765625 0.01015625 0.013671875
