0 0.019921875000000002 0.82470703125 0.01953125 0.0068359375
0 0.07578125000000001 0.83642578125 0.026562500000000003 0.0087890625
0 0.22421875000000002 0.8408203125 0.025 0.009765625
0 0.38359375 0.8466796875 0.025 0.0078125
0 0.46875 0.84423828125 0.0171875 0.0068359375
0 0.479296875 0.8525390625 0.03359375 0.0078125
0 0.5320312500000001 0.84765625 0.0234375 0.01171875
0 0.574609375 0.85009765625 0.02109375 0.0068359375
0 0.6875 0.85009765625 0.0234375 0.0087890625
0 0.286328125 0.841796875 0.02734375 0.01171875
0 0.17929687500000002 0.84130859375 0.049218750000000006 0.0185546875
0 0.844921875 0.83154296875 0.014843750000000001 0.0087890625
