0 0.739453125 0.796875 0.017968750000000002 0.0078125
0 0.56796875 0.8125 0.029687500000000002 0.01171875
0 0.440234375 0.8291015625 0.01953125 0.0078125
0 0.41835937500000003 0.83056640625 0.017968750000000002 0.0068359375
0 0.361328125 0.84375 0.01640625 0.005859375
0 0.327734375 0.84423828125 0.032031250000000004 0.0087890625
0 0.248046875 0.84130859375 0.014843750000000001 0.0068359375
0 0.225390625 0.85107421875 0.01640625 0.0068359375
0 0.215625 0.85595703125 0.0140625 0.0068359375
0 0.18281250000000002 0.8427734375 0.0140625 0.005859375
0 0.135546875 0.8515625 0.01953125 0.009765625
0 0.8015625000000001 0.78271484375 0.026562500000000003 0.0126953125
0 0.8542968750000001 0.7529296875 0.01171875 0.0078125
0 0.516796875 0.81640625 0.013281250000000001 0.005859375
0 0.38710937500000003 0.83056640625 0.013281250000000001 0.0048828125
0 0.2734375 0.82177734375 0.010937500000000001 0.0068359375
0 0.43046875 0.8330078125 0.015625 0.005859375
0 0.18281250000000002 0.837890625 0.009375000000000001 0.005859375
0 0.66796875 0.7841796875 0.009375000000000001 0.005859375
0 0.87890625 0.74609375 0.010937500000000001 0.0078125
0 0.16914062500000002 0.8505859375 0.01015625 0.00390625
