0 0.8363281250000001 0.486328125 0.05859375 0.01953125
0 0.8597656250000001 0.47119140625 0.017968750000000002 0.0126953125
0 0.755078125 0.47216796875 0.017968750000000002 0.0068359375
0 0.7214843750000001 0.47119140625 0.014843750000000001 0.0068359375
0 0.6214843750000001 0.47021484375 0.017968750000000002 0.0068359375
0 0.556640625 0.46826171875 0.01953125 0.0087890625
0 0.5964843750000001 0.4990234375 0.017968750000000002 0.015625
0 0.24296875 0.46240234375 0.0171875 0.0068359375
0 0.213671875 0.462890625 0.017968750000000002 0.0078125
0 0.70625 0.46435546875 0.07500000000000001 0.0146484375
0 0.937109375 0.4736328125 0.014843750000000001 0.005859375
