0 0.185546875 0.53955078125 0.022656250000000003 0.0087890625
0 0.29296875 0.54150390625 0.026562500000000003 0.0087890625
0 0.43007812500000003 0.5380859375 0.017968750000000002 0.0078125
0 0.50390625 0.54443359375 0.0234375 0.0185546875
0 0.47421875 0.53076171875 0.0140625 0.0595703125
0 0.6296875000000001 0.53662109375 0.018750000000000003 0.0068359375
0 0.653515625 0.54638671875 0.055468750000000004 0.0185546875
0 0.782421875 0.5341796875 0.017968750000000002 0.0078125
0 0.794921875 0.533203125 0.017968750000000002 0.0078125
0 0.852734375 0.53271484375 0.01171875 0.0068359375
0 0.9148437500000001 0.53173828125 0.009375000000000001 0.0068359375
0 0.9281250000000001 0.53125 0.0125 0.005859375
0 0.9945312500000001 0.53076171875 0.0078125 0.0068359375
0 0.288671875 0.5322265625 0.05390625 0.013671875
0 0.6546875000000001 0.52978515625 0.037500000000000006 0.0126953125
0 0.878515625 0.529296875 0.017968750000000002 0.005859375
