0 0.93359375 0.39453125 0.004687500000000001 0.01171875
0 0.846875 0.3818359375 0.015625 0.044921875
0 0.7890625 0.376953125 0.0171875 0.02734375
0 0.6898437500000001 0.37841796875 0.0140625 0.0068359375
0 0.7214843750000001 0.37255859375 0.013281250000000001 0.0380859375
0 0.7429687500000001 0.38037109375 0.010937500000000001 0.0068359375
0 0.75703125 0.38671875 0.025 0.009765625
0 0.673828125 0.37744140625 0.01015625 0.0048828125
0 0.642578125 0.37548828125 0.03359375 0.0126953125
0 0.5828125000000001 0.373046875 0.0140625 0.0078125
0 0.66015625 0.36572265625 0.0125 0.0576171875
0 0.511328125 0.36767578125 0.00859375 0.0048828125
0 0.459765625 0.365234375 0.00859375 0.005859375
0 0.40351562500000004 0.35302734375 0.014843750000000001 0.0498046875
0 0.34375 0.36376953125 0.00625 0.0068359375
0 0.321875 0.35986328125 0.0171875 0.0087890625
0 0.269140625 0.3583984375 0.02890625 0.009765625
0 0.290625 0.35888671875 0.010937500000000001 0.0068359375
0 0.22578125000000002 0.3564453125 0.0171875 0.02734375
0 0.215625 0.35546875 0.009375000000000001 0.005859375
0 0.205078125 0.35693359375 0.00859375 0.0068359375
0 0.23515625 0.357421875 0.009375000000000001 0.0078125
0 0.373046875 0.361328125 0.013281250000000001 0.009765625
0 0.83359375 0.38671875 0.015625 0.005859375
