0 0.9359375000000001 0.5654296875 0.03125 0.009765625
0 0.9140625 0.56591796875 0.00625 0.0185546875
0 0.82734375 0.552734375 0.0125 0.044921875
0 0.712109375 0.5576171875 0.0054687500000000005 0.01171875
0 0.648046875 0.5546875 0.02109375 0.005859375
0 0.6101562500000001 0.54541015625 0.0140625 0.0263671875
0 0.43398437500000003 0.54296875 0.01015625 0.005859375
0 0.38906250000000003 0.54150390625 0.009375000000000001 0.0068359375
0 0.34140625 0.5390625 0.00625 0.005859375
0 0.30195312500000004 0.53515625 0.02109375 0.037109375
0 0.21015625000000002 0.53955078125 0.0140625 0.0205078125
0 0.1609375 0.53076171875 0.010937500000000001 0.0068359375
0 0.143359375 0.52978515625 0.00703125 0.0068359375
0 0.118359375 0.5283203125 0.014843750000000001 0.0078125
0 0.098828125 0.52880859375 0.01015625 0.0087890625
0 0.10703125000000001 0.52685546875 0.0078125 0.0068359375
0 0.065234375 0.525390625 0.01640625 0.0078125
0 0.07968750000000001 0.5263671875 0.009375000000000001 0.005859375
0 0.0328125 0.52392578125 0.0140625 0.0048828125
0 0.008984375000000001 0.52294921875 0.01171875 0.0068359375
0 0.021875000000000002 0.5234375 0.00625 0.00390625
0 0.039843750000000004 0.52734375 0.00625 0.00390625
0 0.168359375 0.533203125 0.00703125 0.005859375
0 0.476171875 0.5478515625 0.0054687500000000005 0.00390625
