0 0.555859375 0.55908203125 0.03515625 0.0126953125
0 0.48671875000000003 0.55712890625 0.0390625 0.0107421875
0 0.45937500000000003 0.55810546875 0.0078125 0.0166015625
0 0.20859375000000002 0.57568359375 0.0125 0.0107421875
0 0.25703125 0.552734375 0.00625 0.013671875
0 0.18320312500000002 0.55224609375 0.01015625 0.0146484375
0 0.069140625 0.54931640625 0.014843750000000001 0.0087890625
0 0.091015625 0.54833984375 0.00859375 0.0068359375
0 0.136328125 0.55078125 0.014843750000000001 0.005859375
0 0.302734375 0.55419921875 0.0054687500000000005 0.0048828125
0 0.32851562500000003 0.5537109375 0.0054687500000000005 0.00390625
