0 0.9390625 0.55126953125 0.025 0.0556640625
0 0.9226562500000001 0.56494140625 0.0078125 0.0146484375
0 0.9457031250000001 0.56103515625 0.03515625 0.0107421875
0 0.720703125 0.5615234375 0.0054687500000000005 0.009765625
0 0.66796875 0.55859375 0.015625 0.005859375
0 0.51796875 0.5517578125 0.015625 0.025390625
0 0.45820312500000004 0.5810546875 0.014843750000000001 0.013671875
0 0.40390625 0.5546875 0.0125 0.005859375
0 0.43593750000000003 0.55419921875 0.0078125 0.0068359375
0 0.3171875 0.55224609375 0.015625 0.0048828125
0 0.21796875000000002 0.55908203125 0.018750000000000003 0.0283203125
0 0.18671875000000002 0.5498046875 0.0140625 0.0078125
0 0.20078125000000002 0.55126953125 0.00625 0.0087890625
0 0.15742187500000002 0.55126953125 0.01015625 0.0068359375
0 0.13789062500000002 0.548828125 0.01171875 0.005859375
0 0.12265625000000001 0.5498046875 0.0078125 0.005859375
0 0.10625000000000001 0.5478515625 0.0140625 0.005859375
0 0.08750000000000001 0.54736328125 0.009375000000000001 0.0068359375
0 0.072265625 0.5478515625 0.01640625 0.0078125
0 0.003515625 0.54833984375 0.00859375 0.0087890625
0 0.22812500000000002 0.5498046875 0.00625 0.00390625
0 0.036328125 0.54736328125 0.00703125 0.0048828125
0 0.045312500000000006 0.544921875 0.0203125 0.03125
0 0.05390625 0.54638671875 0.00625 0.0048828125
