0 0.69453125 0.52587890625 0.0078125 0.0166015625
0 0.7140625 0.52294921875 0.029687500000000002 0.0087890625
0 0.540625 0.5205078125 0.00625 0.0234375
0 0.491015625 0.52783203125 0.0054687500000000005 0.0087890625
0 0.39882812500000003 0.52734375 0.014843750000000001 0.005859375
0 0.415625 0.52685546875 0.0078125 0.0048828125
0 0.4265625 0.521484375 0.0125 0.033203125
0 0.2484375 0.53125 0.009375000000000001 0.021484375
0 0.20078125000000002 0.529296875 0.009375000000000001 0.005859375
0 0.150390625 0.52978515625 0.01015625 0.0068359375
0 0.1078125 0.5302734375 0.00625 0.00390625
0 0.055859375 0.53125 0.01171875 0.005859375
